1000   0.003356
1100   0.003947
1200   0.004847
1300   0.005475
1400   0.006374
1500   0.007264
1600   0.008239
1700   0.009281
1800   0.010407
1900   0.011537
2000   0.012853
2100   0.014080
2200   0.015433
2300   0.016917
2400   0.018405
2500   0.019976
2600   0.021581
2700   0.023230
2800   0.025009
2900   0.026855
3000   0.028743
3100   0.030686
3200   0.032731
3300   0.034853
3400   0.036966
3500   0.039204
3600   0.041490
3700   0.043832
3800   0.046365
3900   0.050506
4000   0.052093
4100   0.054039
4200   0.056793
4300   0.059583
4400   0.062591
4500   0.065360
4600   0.068335
4700   0.071450
4800   0.074548
4900   0.077800
5000   0.081075
5100   0.084492
5200   0.087845
5300   0.091480
5400   0.095972
5500   0.098820
5600   0.102415
5700   0.106339
5800   0.110145
5900   0.114153
6000   0.118221
6100   0.122313
6200   0.126949
6300   0.130825
6400   0.135261
6500   0.139429
6600   0.144043
6700   0.148805
6800   0.153480
6900   0.157944
7000   0.162541
7100   0.167517
7200   0.172470
7300   0.177528
7400   0.182582
7500   0.188129
7600   0.193056
7700   0.198198
7800   0.203929
7900   0.209173
8000   0.215057
8100   0.220473
8200   0.226243
8300   0.231935
8400   0.237900
8500   0.243729
8600   0.250067
8700   0.256075
8800   0.262086
8900   0.268298
9000   0.275267
9100   0.281667
9200   0.287909
9300   0.294435
9400   0.301157
9500   0.308045
9600   0.315746
9700   0.321392
9800   0.328569
9900   0.335432
10000   0.342365
