10000 0.000000030207634
11000 0.000000031185150
12000 0.000000027990341
13000 0.000000025963783
14000 0.000000028824806
15000 0.000000029087067
16000 0.000000030398369
17000 0.000000031471252
18000 0.000000031805038
19000 0.000000029492378
20000 0.000000029373169
21000 0.000000029158592
22000 0.000000029921532
23000 0.000000032448769
24000 0.000000031399727
25000 0.000000030732155
26000 0.000000033450127
27000 0.000000033879280
28000 0.000000031352043
29000 0.000000028634071
30000 0.000000030088425
31000 0.000000029826164
32000 0.000000029826164
33000 0.000000031900406
34000 0.000000029540062
35000 0.000000032091141
36000 0.000000029969215
37000 0.000000030088425
38000 0.000000032401085
39000 0.000000028538704
40000 0.000000030994415
41000 0.000000030875206
42000 0.000000029635429
43000 0.000000030922890
44000 0.000000028300285
45000 0.000000031876564
46000 0.000000032973289
47000 0.000000030946732
48000 0.000000028777122
49000 0.000000028204918
50000 0.000000031208992
51000 0.000000027179718
52000 0.000000031328201
53000 0.000000032901764
54000 0.000000028538704
55000 0.000000028824806
56000 0.000000030803680
57000 0.000000031757355
58000 0.000000034785271
59000 0.000000031280518
60000 0.000000032138824
61000 0.000000028014183
62000 0.000000032401085
63000 0.000000029921532
64000 0.000000027203560
65000 0.000000034499168
66000 0.000000029921532
67000 0.000000027561188
68000 0.000000033569336
69000 0.000000029063225
70000 0.000000033283234
71000 0.000000033354759
72000 0.000000029158592
73000 0.000000028753281
74000 0.000000031757355
75000 0.000000031447411
76000 0.000000033664703
77000 0.000000032854080
78000 0.000000032567978
79000 0.000000034236908
80000 0.000000032210350
81000 0.000000033497810
82000 0.000000030636787
83000 0.000000032496452
84000 0.000000029373169
85000 0.000000034880638
86000 0.000000031137466
87000 0.000000030946732
88000 0.000000033211708
89000 0.000000030851364
90000 0.000000033283234
91000 0.000000029730797
92000 0.000000034880638
93000 0.000000032806396
94000 0.000000034570694
95000 0.000000033164024
96000 0.000000034570694
97000 0.000000030732155
98000 0.000000033450127
99000 0.000000031638145
100000 0.000000033402443
