10000 0.000000257802010
11000 0.000000255370140
12000 0.000000254857540
13000 0.000000261998177
14000 0.000000263285637
15000 0.000000263369083
16000 0.000000265681744
17000 0.000000265359879
18000 0.000000270521641
19000 0.000000272917747
20000 0.000000276100636
21000 0.000000278174877
22000 0.000000278496742
23000 0.000000277519226
24000 0.000000284099579
25000 0.000000281012058
26000 0.000000283777714
27000 0.000000285208225
28000 0.000000287258625
29000 0.000000287806988
30000 0.000000284087658
31000 0.000000289642811
32000 0.000000291013718
33000 0.000000291907787
34000 0.000000293266773
35000 0.000000293707848
36000 0.000000295639038
37000 0.000000301635265
38000 0.000000301337242
39000 0.000000303626060
40000 0.000000305080414
41000 0.000000301551819
42000 0.000000302445889
43000 0.000000304436684
44000 0.000000316178799
45000 0.000000308144093
46000 0.000000310456753
47000 0.000000305867195
48000 0.000000310444832
49000 0.000000308263302
50000 0.000000305199623
51000 0.000000311088562
52000 0.000000311279297
53000 0.000000313830376
54000 0.000000318920612
55000 0.000000320243835
56000 0.000000315725803
57000 0.000000319480896
58000 0.000000316703320
59000 0.000000320661068
60000 0.000000318634510
61000 0.000000324559212
62000 0.000000329470634
63000 0.000000318157673
64000 0.000000328052044
65000 0.000000329530239
66000 0.000000333261490
67000 0.000000328063965
68000 0.000000337421894
69000 0.000000340533257
70000 0.000000334978104
71000 0.000000334560871
72000 0.000000340414047
73000 0.000000335323811
74000 0.000000344479084
75000 0.000000337255001
76000 0.000000343179703
77000 0.000000358676910
78000 0.000000343739986
79000 0.000000341212749
80000 0.000000345396996
81000 0.000000347089767
82000 0.000000359547138
83000 0.000000356280804
84000 0.000000360941887
85000 0.000000357341766
86000 0.000000357782841
87000 0.000000358951092
88000 0.000000366413593
89000 0.000000363934040
90000 0.000000359380245
91000 0.000000365495682
92000 0.000000357508659
93000 0.000000368571281
94000 0.000000369346142
95000 0.000000359129906
96000 0.000000362288952
97000 0.000000393158875
98000 0.000000399170647
99000 0.000000402707844
100000 0.000000405924835
