10000 0.000000237500668
11000 0.000000238502026
12000 0.000000239574909
13000 0.000000239455700
14000 0.000000247097015
15000 0.000000250220299
16000 0.000000252795219
17000 0.000000255322456
18000 0.000000254774094
19000 0.000000251364708
20000 0.000000255239010
21000 0.000000262403488
22000 0.000000257015228
23000 0.000000263774395
24000 0.000000261259079
25000 0.000000268614292
26000 0.000000267779827
27000 0.000000268030167
28000 0.000000268769264
29000 0.000000273227692
30000 0.000000272917747
31000 0.000000274574757
32000 0.000000273108482
33000 0.000000279557705
34000 0.000000279080868
35000 0.000000279009342
36000 0.000000278174877
37000 0.000000279247761
38000 0.000000278973579
39000 0.000000282740593
40000 0.000000279593468
41000 0.000000277948380
42000 0.000000285863876
43000 0.000000291538239
44000 0.000000283467770
45000 0.000000285732746
46000 0.000000295555592
47000 0.000000289618969
48000 0.000000292789936
49000 0.000000282716751
50000 0.000000290358067
51000 0.000000289869308
52000 0.000000289452076
53000 0.000000286316872
54000 0.000000288319588
55000 0.000000296151638
56000 0.000000296366215
57000 0.000000294899940
58000 0.000000301778316
59000 0.000000299859047
60000 0.000000295758247
61000 0.000000297033787
62000 0.000000301194191
63000 0.000000302886963
64000 0.000000304508209
65000 0.000000298249722
66000 0.000000303232670
67000 0.000000293469429
68000 0.000000302004814
69000 0.000000303018093
70000 0.000000300979614
71000 0.000000313055515
72000 0.000000305545330
73000 0.000000312721729
74000 0.000000307416916
75000 0.000000314939022
76000 0.000000315904617
77000 0.000000318467617
78000 0.000000315737724
79000 0.000000315105915
80000 0.000000317919254
81000 0.000000319314003
82000 0.000000309419632
83000 0.000000324070454
84000 0.000000312566757
85000 0.000000313150883
86000 0.000000318098068
87000 0.000000324964523
88000 0.000000329566002
89000 0.000000332474709
90000 0.000000341093540
91000 0.000000331032276
92000 0.000000333726406
93000 0.000000325167179
94000 0.000000332474709
95000 0.000000330007076
96000 0.000000327467918
97000 0.000000333225727
98000 0.000000331616402
99000 0.000000324332714
100000 0.000000334858894
