10000   0.000016
11000   0.000017
12000   0.000019
13000   0.000020
14000   0.000021
15000   0.000023
16000   0.000025
17000   0.000026
18000   0.000028
19000   0.000029
20000   0.000031
21000   0.000032
22000   0.000033
23000   0.000035
24000   0.000037
25000   0.000038
26000   0.000040
27000   0.000041
28000   0.000043
29000   0.000044
30000   0.000046
31000   0.000048
32000   0.000049
33000   0.000051
34000   0.000052
35000   0.000054
36000   0.000055
37000   0.000057
38000   0.000058
39000   0.000061
40000   0.000062
41000   0.000063
42000   0.000065
43000   0.000065
44000   0.000068
45000   0.000069
46000   0.000070
47000   0.000071
48000   0.000074
49000   0.000076
50000   0.000077
51000   0.000077
52000   0.000079
53000   0.000081
54000   0.000082
55000   0.000085
56000   0.000086
57000   0.000088
58000   0.000089
59000   0.000091
60000   0.000091
61000   0.000092
62000   0.000097
63000   0.000098
64000   0.000098
65000   0.000099
66000   0.000101
67000   0.000103
68000   0.000105
69000   0.000106
70000   0.000107
71000   0.000110
72000   0.000111
73000   0.000112
74000   0.000115
75000   0.000116
76000   0.000117
77000   0.000118
78000   0.000120
79000   0.000122
80000   0.000124
81000   0.000124
82000   0.000126
83000   0.000128
84000   0.000130
85000   0.000131
86000   0.000132
87000   0.000134
88000   0.000137
89000   0.000136
90000   0.000139
91000   0.000141
92000   0.000141
93000   0.000146
94000   0.000145
95000   0.000147
96000   0.000148
97000   0.000151
98000   0.000152
99000   0.000154
100000   0.000152
