10000 0.000000015683174
11000 0.000000016446114
12000 0.000000014271736
13000 0.000000015678406
14000 0.000000015707016
15000 0.000000014495850
16000 0.000000015802383
17000 0.000000015172958
18000 0.000000015287399
19000 0.000000014829636
20000 0.000000015501976
21000 0.000000014653206
22000 0.000000015053749
23000 0.000000015087128
24000 0.000000015053749
25000 0.000000015769005
26000 0.000000015697479
27000 0.000000016241074
28000 0.000000016016960
29000 0.000000016160011
30000 0.000000014543533
31000 0.000000015711784
32000 0.000000014500618
33000 0.000000015416145
34000 0.000000014939308
35000 0.000000015158653
36000 0.000000015187263
37000 0.000000014939308
38000 0.000000015563965
39000 0.000000014724731
40000 0.000000014638901
41000 0.000000014557838
42000 0.000000015769005
43000 0.000000015387535
44000 0.000000015249252
45000 0.000000015001297
46000 0.000000014700890
47000 0.000000016083717
48000 0.000000015354156
49000 0.000000014686584
50000 0.000000014715195
51000 0.000000015783310
52000 0.000000015125275
53000 0.000000015115738
54000 0.000000015735626
55000 0.000000015583038
56000 0.000000014915466
57000 0.000000016322136
58000 0.000000015263557
59000 0.000000014505386
60000 0.000000015392303
61000 0.000000016193390
62000 0.000000014224052
63000 0.000000015964508
64000 0.000000014262199
65000 0.000000014362335
66000 0.000000015068054
67000 0.000000015325546
68000 0.000000015745163
69000 0.000000015225410
70000 0.000000015048981
71000 0.000000015702248
72000 0.000000015354156
73000 0.000000014429092
74000 0.000000013828278
75000 0.000000015377998
76000 0.000000015797615
77000 0.000000016970634
78000 0.000000015554428
79000 0.000000015625954
80000 0.000000015435219
81000 0.000000014634132
82000 0.000000016608238
83000 0.000000015397072
84000 0.000000015978813
85000 0.000000015678406
86000 0.000000015187263
87000 0.000000014848709
88000 0.000000015287399
89000 0.000000014986992
90000 0.000000015220642
91000 0.000000014238358
92000 0.000000014696121
93000 0.000000015220642
94000 0.000000015749931
95000 0.000000016112328
96000 0.000000016078949
97000 0.000000016384125
98000 0.000000015459061
99000 0.000000015077591
100000 0.000000014886856
