10000   0.000036
11000   0.000037
12000   0.000038
13000   0.000040
14000   0.000043
15000   0.000046
16000   0.000050
17000   0.000053
18000   0.000056
19000   0.000059
20000   0.000062
21000   0.000064
22000   0.000069
23000   0.000076
24000   0.000076
25000   0.000077
26000   0.000081
27000   0.000083
28000   0.000086
29000   0.000089
30000   0.000092
31000   0.000096
32000   0.000098
33000   0.000101
34000   0.000104
35000   0.000108
36000   0.000111
37000   0.000115
38000   0.000118
39000   0.000121
40000   0.000125
41000   0.000126
42000   0.000131
43000   0.000134
44000   0.000137
45000   0.000140
46000   0.000144
47000   0.000147
48000   0.000149
49000   0.000151
50000   0.000156
51000   0.000158
52000   0.000162
53000   0.000165
54000   0.000168
55000   0.000171
56000   0.000175
57000   0.000178
58000   0.000182
59000   0.000184
60000   0.000192
61000   0.000193
62000   0.000194
63000   0.000198
64000   0.000200
65000   0.000204
66000   0.000208
67000   0.000211
68000   0.000214
69000   0.000217
70000   0.000220
71000   0.000223
72000   0.000226
73000   0.000229
74000   0.000232
75000   0.000235
76000   0.000239
77000   0.000242
78000   0.000245
79000   0.000248
80000   0.000250
81000   0.000255
82000   0.000257
83000   0.000261
84000   0.000263
85000   0.000268
86000   0.000270
87000   0.000273
88000   0.000278
89000   0.000279
90000   0.000283
91000   0.000285
92000   0.000289
93000   0.000292
94000   0.000295
95000   0.000298
96000   0.000300
97000   0.000304
98000   0.000307
99000   0.000310
100000   0.000314
