1000   0.005457
1100   0.006672
1200   0.007976
1300   0.009718
1400   0.011332
1500   0.013204
1600   0.014807
1700   0.016795
1800   0.018844
1900   0.021420
2000   0.023595
2100   0.026214
2200   0.028684
2300   0.033272
2400   0.034278
2500   0.037362
2600   0.040447
2700   0.043922
2800   0.047133
2900   0.050805
3000   0.054355
3100   0.058421
3200   0.062038
3300   0.066199
3400   0.070265
3500   0.074726
3600   0.079168
3700   0.083586
3800   0.088214
3900   0.094126
4000   0.098047
4100   0.103184
4200   0.108101
4300   0.113864
4400   0.119017
4500   0.124600
4600   0.130166
4700   0.136957
4800   0.141626
4900   0.148155
5000   0.154393
5100   0.160982
5200   0.166870
5300   0.173504
5400   0.180166
5500   0.190925
5600   0.198513
5700   0.200699
5800   0.207786
5900   0.215549
6000   0.222496
6100   0.230131
6200   0.237787
6300   0.246664
6400   0.253312
6500   0.261958
6600   0.269401
6700   0.278367
6800   0.286307
6900   0.294800
7000   0.303347
7100   0.315006
7200   0.320970
7300   0.330586
7400   0.338958
7500   0.349910
7600   0.357850
7700   0.367720
7800   0.376780
7900   0.388670
8000   0.396925
8100   0.406908
8200   0.416827
8300   0.428495
8400   0.437898
8500   0.448986
8600   0.459192
8700   0.461139
8800   0.481315
8900   0.493108
9000   0.503718
9100   0.516311
9200   0.526907
9300   0.538939
9400   0.549986
9500   0.564775
9600   0.574469
9700   0.588558
9800   0.600771
9900   0.614137
10000  0.625378
