1000   0.000027
1100   0.000023
1200   0.000027
1300   0.000029
1400   0.000030
1500   0.000032
1600   0.000035
1700   0.000035
1800   0.000038
1900   0.000039
2000   0.000042
2100   0.000044
2200   0.000047
2300   0.000048
2400   0.000050
2500   0.000052
2600   0.000054
2700   0.000056
2800   0.000058
2900   0.000060
3000   0.000062
3100   0.000063
3200   0.000065
3300   0.000068
3400   0.000070
3500   0.000071
3600   0.000073
3700   0.000075
3800   0.000077
3900   0.000079
4000   0.000082
4100   0.000083
4200   0.000085
4300   0.000087
4400   0.000088
4500   0.000091
4600   0.000095
4700   0.000094
4800   0.000096
4900   0.000100
5000   0.000100
5100   0.000102
5200   0.000104
5300   0.000107
5400   0.000109
5500   0.000111
5600   0.000113
5700   0.000113
5800   0.000117
5900   0.000119
6000   0.000121
6100   0.000123
6200   0.000124
6300   0.000128
6400   0.000128
6500   0.000130
6600   0.000134
6700   0.000139
6800   0.000139
6900   0.000140
7000   0.000140
7100   0.000142
7200   0.000145
7300   0.000146
7400   0.000148
7500   0.000150
7600   0.000151
7700   0.000156
7800   0.000157
7900   0.000157
8000   0.000162
8100   0.000163
8200   0.000165
8300   0.000165
8400   0.000167
8500   0.000169
8600   0.000171
8700   0.000174
8800   0.000180
8900   0.000180
9000   0.000181
9100   0.000182
9200   0.000183
9300   0.000184
9400   0.000188
9500   0.000189
9600   0.000191
9700   0.000191
9800   0.000194
9900   0.000194
10000   0.000200
