1000   0.000005
1100   0.000005
1200   0.000006
1300   0.000006
1400   0.000007
1500   0.000007
1600   0.000008
1700   0.000008
1800   0.000009
1900   0.000009
2000   0.000010
2100   0.000010
2200   0.000010
2300   0.000011
2400   0.000011
2500   0.000012
2600   0.000012
2700   0.000013
2800   0.000013
2900   0.000013
3000   0.000014
3100   0.000015
3200   0.000015
3300   0.000016
3400   0.000016
3500   0.000016
3600   0.000017
3700   0.000017
3800   0.000018
3900   0.000018
4000   0.000019
4100   0.000019
4200   0.000020
4300   0.000020
4400   0.000021
4500   0.000021
4600   0.000022
4700   0.000022
4800   0.000022
4900   0.000023
5000   0.000023
5100   0.000024
5200   0.000024
5300   0.000025
5400   0.000025
5500   0.000026
5600   0.000026
5700   0.000027
5800   0.000027
5900   0.000028
6000   0.000028
6100   0.000029
6200   0.000029
6300   0.000029
6400   0.000030
6500   0.000030
6600   0.000031
6700   0.000031
6800   0.000032
6900   0.000032
7000   0.000033
7100   0.000033
7200   0.000034
7300   0.000034
7400   0.000034
7500   0.000035
7600   0.000036
7700   0.000036
7800   0.000037
7900   0.000037
8000   0.000038
8100   0.000038
8200   0.000038
8300   0.000039
8400   0.000039
8500   0.000040
8600   0.000040
8700   0.000041
8800   0.000041
8900   0.000042
9000   0.000042
9100   0.000043
9200   0.000043
9300   0.000043
9400   0.000044
9500   0.000044
9600   0.000045
9700   0.000045
9800   0.000046
9900   0.000046
10000   0.000047
