1000   0.001851
1100   0.002130
1200   0.002562
1300   0.002983
1400   0.003477
1500   0.003915
1600   0.004546
1700   0.005076
1800   0.005652
1900   0.006261
2000   0.006914
2100   0.007714
2200   0.008509
2300   0.009269
2400   0.009919
2500   0.010695
2600   0.011684
2700   0.012660
2800   0.013375
2900   0.014639
3000   0.015468
3100   0.016385
3200   0.017573
3300   0.018547
3400   0.019671
3500   0.021098
3600   0.022040
3700   0.023384
3800   0.024555
3900   0.026065
4000   0.027270
4100   0.028522
4200   0.030069
4300   0.031469
4400   0.032812
4500   0.034335
4600   0.035892
4700   0.038023
4800   0.039831
4900   0.041261
5000   0.042743
5100   0.044863
5200   0.045873
5300   0.047720
5400   0.049347
5500   0.051118
5600   0.053008
5700   0.054901
5800   0.056834
5900   0.058823
6000   0.061948
6100   0.063613
6200   0.065004
6300   0.067025
6400   0.069627
6500   0.072336
6600   0.073628
6700   0.077285
6800   0.080389
6900   0.083892
7000   0.087010
7100   0.088611
7200   0.089458
7300   0.092897
7400   0.093141
7500   0.094849
7600   0.097525
7700   0.099872
7800   0.104074
7900   0.106592
8000   0.108731
8100   0.111200
8200   0.114152
8300   0.116045
8400   0.119699
8500   0.121807
8600   0.129743
8700   0.132426
8800   0.134681
8900   0.133601
9000   0.136449
9100   0.139678
9200   0.142490
9300   0.145701
9400   0.149170
9500   0.152096
9600   0.159434
9700   0.160297
9800   0.163768
9900   0.165101
10000   0.168566
