1000   0.000918
1100   0.001113
1200   0.001323
1300   0.001510
1400   0.001756
1500   0.001995
1600   0.002332
1700   0.002706
1800   0.002836
1900   0.003149
2000   0.003473
2100   0.003832
2200   0.004190
2300   0.004593
2400   0.005080
2500   0.005502
2600   0.005916
2700   0.006385
2800   0.006989
2900   0.007347
3000   0.008229
3100   0.008693
3200   0.008965
3300   0.009650
3400   0.010097
3500   0.010820
3600   0.011183
3700   0.011886
3800   0.012299
3900   0.012911
4000   0.013540
4100   0.014298
4200   0.015368
4300   0.015746
4400   0.016386
4500   0.017086
4600   0.017888
4700   0.018576
4800   0.019444
4900   0.020236
5000   0.021065
5100   0.021896
5200   0.022773
5300   0.024229
5400   0.025833
5500   0.026819
5600   0.027566
5700   0.028430
5800   0.028424
5900   0.029320
6000   0.030282
6100   0.031372
6200   0.032535
6300   0.034960
6400   0.034762
6500   0.036596
6600   0.036598
6700   0.037786
6800   0.038791
6900   0.039995
7000   0.041211
7100   0.042277
7200   0.043594
7300   0.044748
7400   0.045971
7500   0.047447
7600   0.048454
7700   0.049782
7800   0.051171
7900   0.052412
8000   0.053633
8100   0.055062
8200   0.056465
8300   0.057735
8400   0.059152
8500   0.060824
8600   0.062026
8700   0.064862
8800   0.065321
8900   0.066997
9000   0.068760
9100   0.069616
9200   0.071015
9300   0.072707
9400   0.075251
9500   0.079403
9600   0.079053
9700   0.081561
9800   0.082086
9900   0.082119
10000   0.083899
