1000   0.000153
1100   0.000167
1200   0.000188
1300   0.000203
1400   0.000217
1500   0.000231
1600   0.000248
1700   0.000266
1800   0.000277
1900   0.000298
2000   0.000314
2100   0.000333
2200   0.000351
2300   0.000365
2400   0.000384
2500   0.000403
2600   0.000418
2700   0.000436
2800   0.000451
2900   0.000469
3000   0.000482
3100   0.000499
3200   0.000517
3300   0.000540
3400   0.000559
3500   0.000568
3600   0.000585
3700   0.000610
3800   0.000621
3900   0.000648
4000   0.000660
4100   0.000670
4200   0.000695
4300   0.000710
4400   0.000742
4500   0.000753
4600   0.000761
4700   0.000777
4800   0.000798
4900   0.000832
5000   0.000839
5100   0.000849
5200   0.000867
5300   0.000892
5400   0.000937
5500   0.000940
5600   0.000945
5700   0.000966
5800   0.000982
5900   0.000985
6000   0.001002
6100   0.001041
6200   0.001049
6300   0.001073
6400   0.001129
6500   0.001123
6600   0.001129
6700   0.001138
6800   0.001189
6900   0.001190
7000   0.001192
7100   0.001196
7200   0.001225
7300   0.001247
7400   0.001283
7500   0.001296
7600   0.001301
7700   0.001324
7800   0.001331
7900   0.001343
8000   0.001384
8100   0.001392
8200   0.001405
8300   0.001430
8400   0.001442
8500   0.001445
8600   0.001467
8700   0.001476
8800   0.001491
8900   0.001506
9000   0.001522
9100   0.001539
9200   0.001539
9300   0.001563
9400   0.001584
9500   0.001620
9600   0.001625
9700   0.001642
9800   0.001655
9900   0.001674
10000   0.001682
