1000   0.000043
1100   0.000046
1200   0.000050
1300   0.000056
1400   0.000062
1500   0.000068
1600   0.000073
1700   0.000077
1800   0.000085
1900   0.000085
2000   0.000088
2100   0.000093
2200   0.000099
2300   0.000105
2400   0.000110
2500   0.000116
2600   0.000123
2700   0.000128
2800   0.000134
2900   0.000145
3000   0.000148
3100   0.000154
3200   0.000158
3300   0.000162
3400   0.000166
3500   0.000170
3600   0.000175
3700   0.000178
3800   0.000182
3900   0.000189
4000   0.000191
4100   0.000196
4200   0.000203
4300   0.000210
4400   0.000217
4500   0.000220
4600   0.000227
4700   0.000234
4800   0.000238
4900   0.000245
5000   0.000252
5100   0.000259
5200   0.000267
5300   0.000272
5400   0.000278
5500   0.000284
5600   0.000290
5700   0.000299
5800   0.000305
5900   0.000311
6000   0.000322
6100   0.000325
6200   0.000332
6300   0.000339
6400   0.000339
6500   0.000345
6600   0.000349
6700   0.000355
6800   0.000360
6900   0.000363
7000   0.000367
7100   0.000370
7200   0.000377
7300   0.000383
7400   0.000385
7500   0.000394
7600   0.000393
7700   0.000398
7800   0.000404
7900   0.000408
8000   0.000413
8100   0.000418
8200   0.000424
8300   0.000432
8400   0.000437
8500   0.000444
8600   0.000451
8700   0.000457
8800   0.000469
8900   0.000470
9000   0.000476
9100   0.000486
9200   0.000491
9300   0.000499
9400   0.000504
9500   0.000511
9600   0.000516
9700   0.000523
9800   0.000536
9900   0.000536
10000   0.000542
