1000   0.002526
1100   0.002961
1200   0.003534
1300   0.004199
1400   0.004864
1500   0.005534
1600   0.006241
1700   0.007051
1800   0.007897
1900   0.008792
2000   0.009739
2100   0.010722
2200   0.012050
2300   0.013562
2400   0.015252
2500   0.015202
2600   0.016412
2700   0.017710
2800   0.019023
2900   0.020405
3000   0.022200
3100   0.023797
3200   0.024973
3300   0.026396
3400   0.028018
3500   0.029680
3600   0.031417
3700   0.033160
3800   0.034980
3900   0.036781
4000   0.038751
4100   0.040693
4200   0.042650
4300   0.044731
4400   0.046829
4500   0.048939
4600   0.051204
4700   0.053405
4800   0.055630
4900   0.058142
5000   0.060438
5100   0.062867
5200   0.065323
5300   0.067862
5400   0.070415
5500   0.073066
5600   0.075732
5700   0.078582
5800   0.081388
5900   0.084097
6000   0.086860
6100   0.089848
6200   0.092726
6300   0.095864
6400   0.098834
6500   0.102155
6600   0.105066
6700   0.108395
6800   0.111661
6900   0.115100
7000   0.118364
7100   0.121706
7200   0.125171
7300   0.128606
7400   0.132175
7500   0.135805
7600   0.139404
7700   0.143083
7800   0.146941
7900   0.150598
8000   0.154420
8100   0.158514
8200   0.162214
8300   0.166240
8400   0.170860
8500   0.174472
8600   0.178655
8700   0.182647
8800   0.186847
8900   0.191121
9000   0.195386
9100   0.199820
9200   0.204408
9300   0.208656
9400   0.213188
9500   0.217733
9600   0.222428
9700   0.227079
9800   0.231861
9900   0.236473
10000   0.241318
