1000   0.000113
1100   0.000116
1200   0.000126
1300   0.000138
1400   0.000150
1500   0.000162
1600   0.000174
1700   0.000188
1800   0.000199
1900   0.000211
2000   0.000223
2100   0.000235
2200   0.000258
2300   0.000260
2400   0.000274
2500   0.000287
2600   0.000302
2700   0.000318
2800   0.000329
2900   0.000340
3000   0.000353
3100   0.000365
3200   0.000378
3300   0.000392
3400   0.000403
3500   0.000422
3600   0.000431
3700   0.000443
3800   0.000460
3900   0.000471
4000   0.000486
4100   0.000498
4200   0.000514
4300   0.000524
4400   0.000540
4500   0.000550
4600   0.000567
4700   0.000578
4800   0.000594
4900   0.000606
5000   0.000620
5100   0.000635
5200   0.000650
5300   0.000661
5400   0.000677
5500   0.000692
5600   0.000703
5700   0.000716
5800   0.000733
5900   0.000745
6000   0.000761
6100   0.000772
6200   0.000784
6300   0.000801
6400   0.000815
6500   0.000830
6600   0.000841
6700   0.000859
6800   0.000872
6900   0.000884
7000   0.000901
7100   0.000912
7200   0.000927
7300   0.000944
7400   0.000958
7500   0.000972
7600   0.000987
7700   0.001008
7800   0.001013
7900   0.001030
8000   0.001048
8100   0.001057
8200   0.001070
8300   0.001087
8400   0.001098
8500   0.001116
8600   0.001127
8700   0.001146
8800   0.001160
8900   0.001174
9000   0.001189
9100   0.001203
9200   0.001217
9300   0.001230
9400   0.001248
9500   0.001260
9600   0.001277
9700   0.001290
9800   0.001304
9900   0.001321
10000   0.001337
