10000 0.00000008346796035767
10100 0.00000010992527008057
10200 0.00000010097026824951
10300 0.00000008296728134155
10400 0.00000011602878570557
10500 0.00000007696151733398
10600 0.00000009402751922607
10700 0.00000010051965713501
10800 0.00000009786605834961
10900 0.00000009810209274292
11000 0.00000010243892669678
11100 0.00000009649276733398
11200 0.00000010182142257690
11300 0.00000007037639617920
11400 0.00000009720802307129
11500 0.00000009277343750000
11600 0.00000009669780731201
11700 0.00000010238647460937
11800 0.00000009558439254761
11900 0.00000010469198226929
12000 0.00000007483005523682
12100 0.00000011801719665527
12200 0.00000007128715515137
12300 0.00000009867906570435
12400 0.00000009974956512451
12500 0.00000009791612625122
12600 0.00000012795448303223
12700 0.00000007847547531128
12800 0.00000010496854782104
12900 0.00000009453058242798
13000 0.00000009556293487549
13100 0.00000009869098663330
13200 0.00000010271787643433
13300 0.00000009994745254517
13400 0.00000009718418121338
13500 0.00000009997844696045
13600 0.00000007863283157349
13700 0.00000012131690979004
13800 0.00000007995843887329
13900 0.00000009840011596680
14000 0.00000010559320449829
14100 0.00000010248661041260
14200 0.00000010255575180054
14300 0.00000008510351181030
14400 0.00000011555671691895
14500 0.00000007959127426147
14600 0.00000010766983032227
14700 0.00000009148836135864
14800 0.00000009712696075439
14900 0.00000010157823562622
15000 0.00000008014202117920
15100 0.00000012378454208374
15200 0.00000008100748062134
15300 0.00000012234449386597
15400 0.00000008069515228271
15500 0.00000009555578231812
15600 0.00000010894775390625
15700 0.00000009646415710449
15800 0.00000010277748107910
15900 0.00000010273456573486
16000 0.00000010514259338379
16100 0.00000008492469787598
16200 0.00000010011196136475
16300 0.00000009888410568237
16400 0.00000010620832443237
16500 0.00000010682344436646
16600 0.00000010500192642212
16700 0.00000010731458663940
16800 0.00000010549068450928
16900 0.00000010657072067261
17000 0.00000008938074111938
17100 0.00000011919260025024
17200 0.00000007682800292969
17300 0.00000012952089309692
17400 0.00000007769584655762
17500 0.00000010644674301147
17600 0.00000010877609252930
17700 0.00000010660886764526
17800 0.00000010823726654053
17900 0.00000010566949844360
18000 0.00000010832786560059
18100 0.00000010298967361450
18200 0.00000010902643203735
18300 0.00000007516145706177
18400 0.00000013966083526611
18500 0.00000007537364959717
18600 0.00000013181924819946
18700 0.00000007661819458008
18800 0.00000012135028839111
18900 0.00000011781930923462
19000 0.00000010262966156006
19100 0.00000010773897171021
19200 0.00000008504629135132
19300 0.00000012025356292725
19400 0.00000008287429809570
19500 0.00000013168811798096
19600 0.00000008362531661987
19700 0.00000011022090911865
19800 0.00000010355472564697
19900 0.00000010524511337280
20000 0.00000010498762130737
20100 0.00000010251522064209
20200 0.00000011584997177124
20300 0.00000010481357574463
20400 0.00000010973453521729
20500 0.00000008836507797241
20600 0.00000009335756301880
20700 0.00000012927055358887
20800 0.00000007628917694092
20900 0.00000014329671859741
21000 0.00000007587671279907
21100 0.00000012472867965698
21200 0.00000007933616638184
21300 0.00000011206150054932
21400 0.00000009736061096191
21500 0.00000011240959167480
21600 0.00000013038873672485
21700 0.00000009366512298584
21800 0.00000011380672454834
21900 0.00000009089231491089
22000 0.00000011581897735596
22100 0.00000008644342422485
22200 0.00000013920068740845
22300 0.00000008604049682617
22400 0.00000013973712921143
22500 0.00000008588790893555
22600 0.00000013936519622803
22700 0.00000008623361587524
22800 0.00000013272523880005
22900 0.00000008617162704468
23000 0.00000013549089431763
23100 0.00000010564088821411
23200 0.00000008482694625854
23300 0.00000011062622070313
23400 0.00000008088827133179
23500 0.00000015278577804565
23600 0.00000008108615875244
23700 0.00000014857530593872
23800 0.00000007737636566162
23900 0.00000014415502548218
24000 0.00000007829189300537
24100 0.00000014749765396118
24200 0.00000008371829986572
24300 0.00000017225742340088
24400 0.00000008811712265015
24500 0.00000013292551040649
24600 0.00000009268522262573
24700 0.00000010978698730469
24800 0.00000012169122695923
24900 0.00000013431072235107
25000 0.00000008897066116333
25100 0.00000013435602188110
25200 0.00000008765697479248
25300 0.00000014592885971069
25400 0.00000009239912033081
25500 0.00000014290332794189
25600 0.00000008768558502197
25700 0.00000014195203781128
25800 0.00000008829355239868
25900 0.00000014482021331787
26000 0.00000008707523345947
26100 0.00000014394998550415
26200 0.00000011023759841919
26300 0.00000011521100997925
26400 0.00000011625528335571
26500 0.00000011353731155396
26600 0.00000012226343154907
26700 0.00000011681556701660
26800 0.00000011937141418457
26900 0.00000011485576629639
27000 0.00000011861324310303
27100 0.00000011867523193359
27200 0.00000008076906204224
27300 0.00000008410453796387
27400 0.00000007859468460083
27500 0.00000014068365097046
27600 0.00000007854938507080
27700 0.00000011025190353394
27800 0.00000012358903884888
27900 0.00000010847330093384
28000 0.00000012382030487061
28100 0.00000010888099670410
28200 0.00000012361049652100
28300 0.00000011110305786133
28400 0.00000012513160705566
28500 0.00000015518665313721
28600 0.00000012889146804810
28700 0.00000011677980422974
28800 0.00000012076854705811
28900 0.00000011958599090576
29000 0.00000012739419937134
29100 0.00000012088298797607
29200 0.00000012214183807373
29300 0.00000012306928634644
29400 0.00000011584520339966
29500 0.00000012419700622559
29600 0.00000010781288146973
29700 0.00000012817859649658
29800 0.00000008451223373413
29900 0.00000013665437698364
30000 0.00000008282184600830
30100 0.00000015348196029663
30200 0.00000008056879043579
30300 0.00000015926837921143
30400 0.00000007978677749634
30500 0.00000012079477310181
30600 0.00000010001897811890
30700 0.00000012728452682495
30800 0.00000009032964706421
30900 0.00000013246297836304
31000 0.00000011543989181519
31100 0.00000012115001678467
31200 0.00000011766910552979
31300 0.00000011882543563843
31400 0.00000011967658996582
31500 0.00000015888690948486
31600 0.00000011309146881104
31700 0.00000012792110443115
31800 0.00000011395692825317
31900 0.00000013632774353027
32000 0.00000013313293457031
32100 0.00000009865045547485
32200 0.00000015827655792236
32300 0.00000014068603515625
32400 0.00000012110233306885
32500 0.00000012449741363525
32600 0.00000012386322021484
32700 0.00000011379003524780
32800 0.00000012940645217896
32900 0.00000011506080627441
33000 0.00000014682292938232
33100 0.00000009001493453979
33200 0.00000010324716567993
33300 0.00000012346982955933
33400 0.00000012205362319946
33500 0.00000011945486068726
33600 0.00000012673377990723
33700 0.00000012923955917358
33800 0.00000012436389923096
33900 0.00000012296915054321
34000 0.00000011552333831787
34100 0.00000015198945999146
34200 0.00000008298397064209
34300 0.00000016226291656494
34400 0.00000008177757263184
34500 0.00000014897346496582
34600 0.00000011744022369385
34700 0.00000012365341186523
34800 0.00000012275457382202
34900 0.00000015642166137695
35000 0.00000010497570037842
35100 0.00000013772487640381
35200 0.00000011588573455811
35300 0.00000011865854263306
35400 0.00000015151500701904
35500 0.00000009315013885498
35600 0.00000014616489410400
35700 0.00000012770891189575
35800 0.00000012148618698120
35900 0.00000012766838073730
36000 0.00000012863636016846
36100 0.00000011685371398926
36200 0.00000015861034393311
36300 0.00000008337259292603
36400 0.00000014458179473877
36500 0.00000011358737945557
36600 0.00000012210369110107
36700 0.00000012214422225952
36800 0.00000012197732925415
36900 0.00000012414455413818
37000 0.00000011219501495361
37100 0.00000009500026702881
37200 0.00000008935451507568
37300 0.00000012183189392090
37400 0.00000010336399078369
37500 0.00000015090942382812
37600 0.00000010322093963623
37700 0.00000015854358673096
37800 0.00000010500431060791
37900 0.00000013544797897339
38000 0.00000011657953262329
38100 0.00000011762619018555
38200 0.00000015892028808594
38300 0.00000011623382568359
38400 0.00000014554023742676
38500 0.00000012635231018066
38600 0.00000013652563095093
38700 0.00000015578031539917
38800 0.00000009516716003418
38900 0.00000014325141906738
39000 0.00000012907505035400
39100 0.00000012689113616943
39200 0.00000012065410614014
39300 0.00000013706684112549
39400 0.00000011252403259277
39500 0.00000013134479522705
39600 0.00000012319087982178
39700 0.00000013071537017822
39800 0.00000013117313385010
39900 0.00000012594461441040
40000 0.00000016631126403809
40100 0.00000008506536483765
40200 0.00000014705181121826
40300 0.00000012601375579834
40400 0.00000016346693038940
40500 0.00000011952400207520
40600 0.00000013704776763916
40700 0.00000014935255050659
40800 0.00000009901046752930
40900 0.00000016064882278442
41000 0.00000013178348541260
41100 0.00000013544082641602
41200 0.00000011780023574829
41300 0.00000013326406478882
41400 0.00000013281106948853
41500 0.00000012994527816772
41600 0.00000012478113174438
41700 0.00000012984275817871
41800 0.00000014823913574219
41900 0.00000008670806884766
42000 0.00000016725063323975
42100 0.00000012646675109863
42200 0.00000013618707656860
42300 0.00000012818336486816
42400 0.00000010524511337280
42500 0.00000017431974411011
42600 0.00000011023521423340
42700 0.00000016246795654297
42800 0.00000011479854583740
42900 0.00000013860702514648
43000 0.00000012235403060913
43100 0.00000012225389480591
43200 0.00000016347646713257
43300 0.00000013072252273560
43400 0.00000012782096862793
43500 0.00000012649297714233
43600 0.00000014572143554687
43700 0.00000013967275619507
43800 0.00000013463258743286
43900 0.00000013442993164063
44000 0.00000012528657913208
44100 0.00000016993761062622
44200 0.00000012236833572388
44300 0.00000012748718261719
44400 0.00000012829065322876
44500 0.00000012757062911987
44600 0.00000016502857208252
44700 0.00000008713006973267
44800 0.00000015346050262451
44900 0.00000012527942657471
45000 0.00000017661809921265
45100 0.00000012308835983276
45200 0.00000011842966079712
45300 0.00000016386270523071
45400 0.00000010677814483643
45500 0.00000013651371002197
45600 0.00000012828350067139
45700 0.00000014312028884888
45800 0.00000016482830047607
45900 0.00000014671325683594
46000 0.00000014138460159302
46100 0.00000013593912124634
46200 0.00000013542175292969
46300 0.00000013168334960938
46400 0.00000013400793075562
46500 0.00000015264272689819
46600 0.00000009498119354248
46700 0.00000014837741851807
46800 0.00000013226985931396
46900 0.00000013224601745605
47000 0.00000017026185989380
47100 0.00000008593559265137
47200 0.00000018882274627686
47300 0.00000010192155838013
47400 0.00000015540838241577
47500 0.00000016082286834717
47600 0.00000010160446166992
47700 0.00000016731262207031
47800 0.00000013930082321167
47900 0.00000014375686645508
48000 0.00000016927003860474
48100 0.00000013787269592285
48200 0.00000013699531555176
48300 0.00000012557029724121
48400 0.00000016151905059814
48500 0.00000012999057769775
48600 0.00000013503789901733
48700 0.00000015512943267822
48800 0.00000009730339050293
48900 0.00000015347719192505
49000 0.00000013066053390503
49100 0.00000012908935546875
49200 0.00000017200469970703
49300 0.00000008500814437866
49400 0.00000019331216812134
49500 0.00000014015913009644
49600 0.00000014502048492432
49700 0.00000017045021057129
49800 0.00000013797044754028
49900 0.00000015567064285278
50000 0.00000016697168350220
50100 0.00000013610601425171
50200 0.00000014139413833618
50300 0.00000012927293777466
50400 0.00000014693737030029
50500 0.00000013324737548828
50600 0.00000014171361923218
50700 0.00000014695167541504
50800 0.00000012815952301025
50900 0.00000014061927795410
51000 0.00000013693094253540
51100 0.00000012545585632324
51200 0.00000017600774765015
51300 0.00000012979030609131
51400 0.00000013643741607666
51500 0.00000017631530761719
51600 0.00000008175134658813
51700 0.00000009712219238281
51800 0.00000017262935638428
51900 0.00000010757446289062
52000 0.00000016782760620117
52100 0.00000014445304870605
52200 0.00000014405012130737
52300 0.00000016221761703491
52400 0.00000014179706573486
52500 0.00000013127088546753
52600 0.00000016455173492432
52700 0.00000013539791107178
52800 0.00000013571262359619
52900 0.00000012604713439941
53000 0.00000017848253250122
53100 0.00000013406753540039
53200 0.00000013145923614502
53300 0.00000020900487899780
53400 0.00000010144233703613
53500 0.00000017442703247070
53600 0.00000009117841720581
53700 0.00000014940738677979
53800 0.00000016464948654175
53900 0.00000010797262191772
54000 0.00000015850543975830
54100 0.00000012915611267090
54200 0.00000010833978652954
54300 0.00000016932725906372
54400 0.00000014185190200806
54500 0.00000014294385910034
54600 0.00000014470815658569
54700 0.00000014688014984131
54800 0.00000018749952316284
54900 0.00000013586521148682
55000 0.00000013806343078613
55100 0.00000017277002334595
55200 0.00000019390583038330
55300 0.00000012453556060791
55400 0.00000016012907028198
55500 0.00000013834714889526
55600 0.00000011285066604614
55700 0.00000017939090728760
55800 0.00000013427257537842
55900 0.00000017319202423096
56000 0.00000016766309738159
56100 0.00000010404825210571
56200 0.00000015717267990112
56300 0.00000014384984970093
56400 0.00000010727405548096
56500 0.00000014400005340576
56600 0.00000015589237213135
56700 0.00000016409158706665
56800 0.00000013316392898560
56900 0.00000014069795608521
57000 0.00000017952203750610
57100 0.00000012831449508667
57200 0.00000013723373413086
57300 0.00000017102479934692
57400 0.00000008785724639893
57500 0.00000014946460723877
57600 0.00000013495206832886
57700 0.00000016462087631226
57800 0.00000017106533050537
57900 0.00000013009548187256
58000 0.00000014591932296753
58100 0.00000016664266586304
58200 0.00000013388156890869
58300 0.00000013341188430786
58400 0.00000013104915618896
58500 0.00000014875173568726
58600 0.00000013840198516846
58700 0.00000014306783676147
58800 0.00000018012046813965
58900 0.00000013120651245117
59000 0.00000013509035110474
59100 0.00000017500400543213
59200 0.00000012721776962280
59300 0.00000013401746749878
59400 0.00000015527248382568
59500 0.00000009322881698608
59600 0.00000016160488128662
59700 0.00000013442039489746
59800 0.00000016447067260742
59900 0.00000017305135726929
60000 0.00000013645648956299
60100 0.00000015305280685425
60200 0.00000017456531524658
60300 0.00000015002489089966
60400 0.00000015938282012939
60500 0.00000014430522918701
60600 0.00000014650344848633
60700 0.00000017680168151855
60800 0.00000013637065887451
60900 0.00000014401435852051
61000 0.00000018247842788696
61100 0.00000013143062591553
61200 0.00000013371944427490
61300 0.00000017518043518066
61400 0.00000013064384460449
61500 0.00000013662815093994
61600 0.00000021311759948730
61700 0.00000010604143142700
61800 0.00000017848968505859
61900 0.00000013101816177368
62000 0.00000011409997940063
62100 0.00000017046451568604
62200 0.00000014338254928589
62300 0.00000011623620986938
62400 0.00000014046430587769
62500 0.00000014280557632446
62600 0.00000016126155853271
62700 0.00000013628721237183
62800 0.00000013952493667603
62900 0.00000018157005310059
63000 0.00000013559579849243
63100 0.00000013386726379395
63200 0.00000017520904541016
63300 0.00000013662576675415
63400 0.00000012344837188721
63500 0.00000022176504135132
63600 0.00000013701915740967
63700 0.00000015356063842773
63800 0.00000017829895019531
63900 0.00000014568567276001
64000 0.00000014000892639160
64100 0.00000014927148818970
64200 0.00000014156103134155
64300 0.00000015898942947388
64400 0.00000013833522796631
64500 0.00000013988256454468
64600 0.00000018091678619385
64700 0.00000020207166671753
64800 0.00000014758825302124
64900 0.00000015080451965332
65000 0.00000018357276916504
65100 0.00000013900041580200
65200 0.00000012335300445557
65300 0.00000018544912338257
65400 0.00000018919706344604
65500 0.00000014191150665283
65600 0.00000017090082168579
65700 0.00000017493009567261
65800 0.00000014302968978882
65900 0.00000015504598617554
66000 0.00000018004179000854
66100 0.00000017051219940186
66200 0.00000017525196075439
66300 0.00000020407438278198
66400 0.00000014682531356812
66500 0.00000014384031295776
66600 0.00000016967296600342
66700 0.00000016236782073975
66800 0.00000010519027709961
66900 0.00000016187906265259
67000 0.00000017766952514648
67100 0.00000011091709136963
67200 0.00000014202833175659
67300 0.00000019691467285156
67400 0.00000011831521987915
67500 0.00000018471717834473
67600 0.00000017274618148804
67700 0.00000015051841735840
67800 0.00000015722036361694
67900 0.00000017808914184570
68000 0.00000015206098556519
68100 0.00000018155813217163
68200 0.00000014111757278442
68300 0.00000013660669326782
68400 0.00000015928268432617
68500 0.00000014418840408325
68600 0.00000011193513870239
68700 0.00000015918254852295
68800 0.00000014417886734009
68900 0.00000010519742965698
69000 0.00000016370534896851
69100 0.00000017968416213989
69200 0.00000013442754745483
69300 0.00000017996549606323
69400 0.00000017823219299316
69500 0.00000014944791793823
69600 0.00000016007184982300
69700 0.00000019439935684204
69800 0.00000017088413238525
69900 0.00000015157699584961
70000 0.00000015592098236084
70100 0.00000015715837478638
70200 0.00000014841794967651
70300 0.00000018912315368652
70400 0.00000014269113540649
70500 0.00000013809204101563
70600 0.00000017116069793701
70700 0.00000014482736587524
70800 0.00000010339021682739
70900 0.00000016548633575439
71000 0.00000017873525619507
71100 0.00000013688564300537
71200 0.00000018661975860596
71300 0.00000017995357513428
71400 0.00000014374971389771
71500 0.00000016195297241211
71600 0.00000018297433853149
71700 0.00000015244007110596
71800 0.00000015915632247925
71900 0.00000014976024627686
72000 0.00000017754554748535
72100 0.00000015496730804443
72200 0.00000016792774200439
72300 0.00000012729167938232
72400 0.00000019946575164795
72500 0.00000014227390289307
72600 0.00000016918659210205
72700 0.00000010383367538452
72800 0.00000015422105789185
72900 0.00000021896600723267
73000 0.00000011775732040405
73100 0.00000018724203109741
73200 0.00000018347978591919
73300 0.00000015663623809814
73400 0.00000012822866439819
73500 0.00000015380382537842
73600 0.00000017754793167114
73700 0.00000015980482101440
73800 0.00000020665645599365
73900 0.00000014601230621338
74000 0.00000014325857162476
74100 0.00000015782117843628
74200 0.00000018322229385376
74300 0.00000015237092971802
74400 0.00000015253782272339
74500 0.00000018122196197510
74600 0.00000018415212631226
74700 0.00000011933803558350
74800 0.00000018833398818970
74900 0.00000018064022064209
75000 0.00000013078927993774
75100 0.00000016313791275024
75200 0.00000018405199050903
75300 0.00000016743898391724
75400 0.00000014904975891113
75500 0.00000016295909881592
75600 0.00000018668889999390
75700 0.00000015024662017822
75800 0.00000016535997390747
75900 0.00000015915393829346
76000 0.00000016090869903564
76100 0.00000015890836715698
76200 0.00000018197298049927
76300 0.00000015578985214233
76400 0.00000012794256210327
76500 0.00000015406608581543
76600 0.00000019625663757324
76700 0.00000014840841293335
76800 0.00000014532089233398
76900 0.00000017127275466919
77000 0.00000019370079040527
77100 0.00000014464378356934
77200 0.00000014513492584229
77300 0.00000019122362136841
77400 0.00000018399477005005
77500 0.00000012610197067261
77600 0.00000019419670104980
77700 0.00000018462896347046
77800 0.00000015660762786865
77900 0.00000015135526657104
78000 0.00000015697956085205
78100 0.00000018401145935059
78200 0.00000015851020812988
78300 0.00000018719196319580
78400 0.00000014903545379639
78500 0.00000018588781356812
78600 0.00000015750646591187
78700 0.00000019987583160400
78800 0.00000015031576156616
78900 0.00000016351222991943
79000 0.00000015343904495239
79100 0.00000019642353057861
79200 0.00000015111446380615
79300 0.00000011018753051758
79400 0.00000015748500823975
79500 0.00000022658824920654
79600 0.00000012375593185425
79700 0.00000016945600509644
79800 0.00000018835306167603
79900 0.00000017949342727661
80000 0.00000015370845794678
80100 0.00000016619682312012
80200 0.00000016274213790894
80300 0.00000018111705780029
80400 0.00000016016006469727
80500 0.00000019901752471924
80600 0.00000016830921173096
80700 0.00000017034053802490
80800 0.00000015183925628662
80900 0.00000018213987350464
81000 0.00000018325090408325
81100 0.00000014940261840820
81200 0.00000015409469604492
81300 0.00000019425868988037
81400 0.00000021719932556152
81500 0.00000012460231781006
81600 0.00000017194271087646
81700 0.00000018999099731445
81800 0.00000018907546997070
81900 0.00000015691041946411
82000 0.00000017135620117188
82100 0.00000015691995620728
82200 0.00000018946409225464
82300 0.00000015681743621826
82400 0.00000019924163818359
82500 0.00000016602993011475
82600 0.00000015785217285156
82700 0.00000015444278717041
82800 0.00000018295764923096
82900 0.00000018443346023560
83000 0.00000015419721603394
83100 0.00000015123844146729
83200 0.00000023253679275513
83300 0.00000018271446228027
83400 0.00000013232469558716
83500 0.00000017023563385010
83600 0.00000019800662994385
83700 0.00000018919229507446
83800 0.00000016143798828125
83900 0.00000017471313476563
84000 0.00000016689062118530
84100 0.00000016837358474731
84200 0.00000015184164047241
84300 0.00000016291618347168
84400 0.00000019793272018433
84500 0.00000015543937683105
84600 0.00000012740612030029
84700 0.00000015948534011841
84800 0.00000023581027984619
84900 0.00000015934228897095
85000 0.00000015717744827271
85100 0.00000017869710922241
85200 0.00000019276142120361
85300 0.00000017710447311401
85400 0.00000016440868377686
85500 0.00000019884824752808
85600 0.00000016258001327515
85700 0.00000016257762908936
85800 0.00000015660762786865
85900 0.00000019047975540161
86000 0.00000019734621047974
86100 0.00000015229701995850
86200 0.00000012370109558105
86300 0.00000020876169204712
86400 0.00000019392013549805
86500 0.00000016318559646606
86600 0.00000015376567840576
86700 0.00000016935110092163
86800 0.00000019256830215454
86900 0.00000015641212463379
87000 0.00000016242742538452
87100 0.00000019735574722290
87200 0.00000015604972839355
87300 0.00000018497228622437
87400 0.00000015419244766235
87500 0.00000020072221755981
87600 0.00000018110513687134
87700 0.00000015294075012207
87800 0.00000015285968780518
87900 0.00000022974491119385
88000 0.00000018851518630981
88100 0.00000015785932540894
88200 0.00000017136335372925
88300 0.00000017523288726807
88400 0.00000019454956054687
88500 0.00000015549421310425
88600 0.00000016336917877197
88700 0.00000020122528076172
88800 0.00000015394449234009
88900 0.00000016091346740723
89000 0.00000015605211257935
89100 0.00000019718647003174
89200 0.00000019913673400879
89300 0.00000015549421310425
89400 0.00000017541170120239
89500 0.00000020385503768921
89600 0.00000019197225570679
89700 0.00000016165971755981
89800 0.00000016574144363403
89900 0.00000017116308212280
90000 0.00000016021490097046
90100 0.00000019096374511719
90200 0.00000015972614288330
90300 0.00000019904613494873
90400 0.00000019343137741089
90500 0.00000015359163284302
90600 0.00000013523578643799
90700 0.00000019674062728882
90800 0.00000018839597702026
90900 0.00000016068458557129
91000 0.00000015071868896484
91100 0.00000017412185668945
91200 0.00000019411802291870
91300 0.00000016241312026978
91400 0.00000016442537307739
91500 0.00000020406961441040
91600 0.00000016663074493408
91700 0.00000015951395034790
91800 0.00000016276121139526
91900 0.00000017212629318237
92000 0.00000019976615905762
92100 0.00000015573978424072
92200 0.00000017404317855835
92300 0.00000015367746353149
92400 0.00000019661188125610
92500 0.00000019563198089600
92600 0.00000015439271926880
92700 0.00000013697147369385
92800 0.00000016117811203003
92900 0.00000023928403854370
93000 0.00000016336917877197
93100 0.00000013336181640625
93200 0.00000017816305160522
93300 0.00000020486831665039
93400 0.00000019610166549683
93500 0.00000019133329391479
93600 0.00000016876697540283
93700 0.00000020576000213623
93800 0.00000018106222152710
93900 0.00000015735864639282
94000 0.00000014915227890015
94100 0.00000018284320831299
94200 0.00000020302057266235
94300 0.00000019954681396484
94400 0.00000015885829925537
94500 0.00000019324779510498
94600 0.00000016396760940552
94700 0.00000019095897674561
94800 0.00000020544767379761
94900 0.00000022141456604004
95000 0.00000016467571258545
95100 0.00000015999555587769
95200 0.00000016268968582153
95300 0.00000020379304885864
95400 0.00000019874811172485
95500 0.00000015844583511353
95600 0.00000019386768341064
95700 0.00000016536951065063
95800 0.00000018729925155640
95900 0.00000021668195724487
96000 0.00000019891262054443
96100 0.00000016224861145020
96200 0.00000016143321990967
96300 0.00000017056465148926
96400 0.00000020279645919800
96500 0.00000025046348571777
96600 0.00000019191265106201
96700 0.00000025602579116821
96800 0.00000019356250762939
96900 0.00000014239549636841
97000 0.00000017243623733521
97100 0.00000021667718887329
97200 0.00000019748210906982
97300 0.00000019756793975830
97400 0.00000018600940704346
97500 0.00000016836166381836
97600 0.00000019259214401245
97700 0.00000019836664199829
97800 0.00000017426729202271
97900 0.00000018851995468140
98000 0.00000022314548492432
98100 0.00000017734527587891
98200 0.00000018170833587646
98300 0.00000019125699996948
98400 0.00000021135807037354
98500 0.00000024105310440063
98600 0.00000021656513214111
98700 0.00000018869876861572
98800 0.00000019263505935669
98900 0.00000016087293624878
99000 0.00000019775629043579
99100 0.00000020491838455200
99200 0.00000019956350326538
99300 0.00000021687030792236
99400 0.00000020188331604004
99500 0.00000017028808593750
99600 0.00000020737409591675
99700 0.00000024088859558105
99800 0.00000022424221038818
99900 0.00000020309925079346
100000 0.00000016036748886108
