10000 0.00000001003669738770
10100 0.00000001003669738770
10200 0.00000001058101654053
10300 0.00000001031398773193
10400 0.00000000992857971191
10500 0.00000000973088836670
10600 0.00000001058177032471
10700 0.00000000953402709961
10800 0.00000001015518188477
10900 0.00000001025196838379
11000 0.00000000933034515381
11100 0.00000000937802886963
11200 0.00000001048492431641
11300 0.00000000941481781006
11400 0.00000000978334045410
11500 0.00000001030988311768
11600 0.00000000923361968994
11700 0.00000001005239105225
11800 0.00000000915732574463
11900 0.00000000913007354736
12000 0.00000001050946044922
12100 0.00000000938620758057
12200 0.00000000931604003906
12300 0.00000001096719360352
12400 0.00000000918252563477
12500 0.00000000951495361328
12600 0.00000000936236572266
12700 0.00000000994410705566
12800 0.00000000955310058594
12900 0.00000001078125762939
13000 0.00000000900609588623
13100 0.00000001030906677246
13200 0.00000000997203826904
13300 0.00000000991441040039
13400 0.00000000999547271729
13500 0.00000000952925872803
13600 0.00000000921726226807
13700 0.00000000903470611572
13800 0.00000000955310058594
13900 0.00000001008700561523
14000 0.00000000935282897949
14100 0.00000001001901245117
14200 0.00000000973429870605
14300 0.00000000989642333984
14400 0.00000001005848693848
14500 0.00000000980582427979
14600 0.00000000952584838867
14700 0.00000000996318054199
14800 0.00000000921931457520
14900 0.00000001015663146973
15000 0.00000000971522521973
15100 0.00000000904560089111
15200 0.00000000915255737305
15300 0.00000001048157501221
15400 0.00000001090725708008
15500 0.00000000991235809326
15600 0.00000001090924835205
15700 0.00000000989165496826
15800 0.00000000992980194092
15900 0.00000000982489776611
16000 0.00000000999179077148
16100 0.00000000943048095703
16200 0.00000001061370086670
16300 0.00000001055913543701
16400 0.00000000975814056396
16500 0.00000000999927520752
16600 0.00000000980241394043
16700 0.00000000913007354736
16800 0.00000000966413116455
16900 0.00000000932557678223
17000 0.00000001004490661621
17100 0.00000000976290893555
17200 0.00000001096444702148
17300 0.00000000979628753662
17400 0.00000000984056091309
17500 0.00000000928266143799
17600 0.00000000996494598389
17700 0.00000000984532928467
17800 0.00000000955922698975
17900 0.00000001144191741943
18000 0.00000000981634521484
18100 0.00000000923633575439
18200 0.00000000901563262939
18300 0.00000000978198242188
18400 0.00000000945909118652
18500 0.00000001029491424561
18600 0.00000000971999359131
18700 0.00000000955922698975
18800 0.00000001059598541260
18900 0.00000000991576843262
19000 0.00000001042366027832
19100 0.00000000937802886963
19200 0.00000000936372375488
19300 0.00000001037190246582
19400 0.00000001019809722900
19500 0.00000001059115600586
19600 0.00000000960214233398
19700 0.00000001013007354736
19800 0.00000001135418701172
19900 0.00000000985350799561
20000 0.00000000904550933838
20100 0.00000000916345214844
20200 0.00000000906453857422
20300 0.00000000909124755859
20400 0.00000000903933868408
20500 0.00000000971317291260
20600 0.00000000959737396240
20700 0.00000001070626068115
20800 0.00000001086503601074
20900 0.00000001007828521729
21000 0.00000001054959869385
21100 0.00000000932080841064
21200 0.00000000959260559082
21300 0.00000000937802886963
21400 0.00000001056601715088
21500 0.00000001044469451904
21600 0.00000000992639160156
21700 0.00000000910146331787
21800 0.00000000927789306641
21900 0.00000000906467437744
22000 0.00000001097063446045
22100 0.00000000998252563477
22200 0.00000000991113586426
22300 0.00000000990132751465
22400 0.00000001048293304443
22500 0.00000001059462738037
22600 0.00000001038949584961
22700 0.00000000941617584229
22800 0.00000000934941864014
22900 0.00000000952108001709
23000 0.00000001070976257324
23100 0.00000001152442932129
23200 0.00000001093864440918
23300 0.00000000960214233398
23400 0.00000000931739807129
23500 0.00000000910623168945
23600 0.00000000961303710938
23700 0.00000001088685607910
23800 0.00000000920295715332
23900 0.00000000922067260742
24000 0.00000000931604003906
24100 0.00000000904560089111
24200 0.00000001030363464355
24300 0.00000000954015350342
24400 0.00000000987052917480
24500 0.00000000960214233398
24600 0.00000000973088836670
24700 0.00000001000470733643
24800 0.00000000900268554688
24900 0.00000001091480255127
25000 0.00000001000063323975
25100 0.00000001040443420410
25200 0.00000000946862792969
25300 0.00000000954969024658
25400 0.00000000956876373291
25500 0.00000001078741455078
25600 0.00000000999314880371
25700 0.00000000919206237793
25800 0.00000000975473022461
25900 0.00000000947816467285
26000 0.00000000960350036621
26100 0.00000001063208007813
26200 0.00000001085540771484
26300 0.00000000930173492432
26400 0.00000000973088836670
26500 0.00000000923974609375
26600 0.00000000917434692383
26700 0.00000000970227813721
26800 0.00000001069817352295
26900 0.00000000949723815918
27000 0.00000000964505767822
27100 0.00000000944001770020
27200 0.00000001054691314697
27300 0.00000001042966461182
27400 0.00000001063552093506
27500 0.00000001116670989990
27600 0.00000000924451446533
27700 0.00000001008033752441
27800 0.00000000994587249756
27900 0.00000001058982849121
28000 0.00000000955445861816
28100 0.00000001009233398438
28200 0.00000001105023345947
28300 0.00000001005981445312
28400 0.00000000994614410400
28500 0.00000000990745391846
28600 0.00000000990691070557
28700 0.00000000993143157959
28800 0.00000001020488739014
28900 0.00000000913961029053
29000 0.00000000992298126221
29100 0.00000000968320465088
29200 0.00000000999374786377
29300 0.00000000955922698975
29400 0.00000001062728118896
29500 0.00000001033782958984
29600 0.00000000992203063965
29700 0.00000000968320465088
29800 0.00000001083702850342
29900 0.00000000995527343750
30000 0.00000000915050506592
30100 0.00000000964505767822
30200 0.00000001012518310547
30300 0.00000001184801483154
30400 0.00000000956399536133
30500 0.00000000955922698975
30600 0.00000001149177551270
30700 0.00000000968797302246
30800 0.00000001036164093018
30900 0.00000001067638397217
31000 0.00000000978810882568
31100 0.00000000911712646484
31200 0.00000000972135162354
31300 0.00000001055777740479
31400 0.00000001066192626953
31500 0.00000000958306884766
31600 0.00000000992774963379
31700 0.00000001160615539551
31800 0.00000001032759857178
31900 0.00000000985486602783
32000 0.00000000959873199463
32100 0.00000000971658325195
32200 0.00000001090185546875
32300 0.00000000986440277100
32400 0.00000000979764556885
32500 0.00000000995990600586
32600 0.00000000945091247559
32700 0.00000001064300537109
32800 0.00000000992189483643
32900 0.00000000961644744873
33000 0.00000001042018890381
33100 0.00000001014434814453
33200 0.00000000995500183105
33300 0.00000000992679901123
33400 0.00000000985486602783
33500 0.00000001017365264893
33600 0.00000000958306884766
33700 0.00000000914573669434
33800 0.00000000981671905518
33900 0.00000000985486602783
34000 0.00000001054751586914
34100 0.00000000994069671631
34200 0.00000000975949859619
34300 0.00000001070414733887
34400 0.00000000993170318604
34500 0.00000000894996185303
34600 0.00000000996481018066
34700 0.00000000997897949219
34800 0.00000001046247100830
34900 0.00000001092771911621
35000 0.00000000978334045410
35100 0.00000001002242279053
35200 0.00000001150058746338
35300 0.00000000964028930664
35400 0.00000000988483428955
35500 0.00000000944001770020
35600 0.00000000986440277100
35700 0.00000000984056091309
35800 0.00000000907897949219
35900 0.00000000972135162354
36000 0.00000000956058502197
36100 0.00000001009053802490
36200 0.00000001004077148438
36300 0.00000000901222229004
36400 0.00000001178283691410
36500 0.00000000998824462891
36600 0.00000000996736679077
36700 0.00000000988824462891
36800 0.00000000997884368896
36900 0.00000000990241394043
37000 0.00000000994083251953
37100 0.00000000924587249756
37200 0.00000000994083251953
37300 0.00000000919206237793
37400 0.00000000968320465088
37500 0.00000000985486602783
37600 0.00000000997911529541
37700 0.00000000980718231201
37800 0.00000000998361206055
37900 0.00000001051220703125
38000 0.00000000986099243164
38100 0.00000000989301300049
38200 0.00000001045220947266
38300 0.00000001014981079102
38400 0.00000001003647155762
38500 0.00000000997475433350
38600 0.00000000995077667236
38700 0.00000000997407531738
38800 0.00000000946521759033
38900 0.00000001081056213379
39000 0.00000000991222229004
39100 0.00000000997884368896
39200 0.00000000965936279297
39300 0.00000000968320465088
39400 0.00000000981671905518
39500 0.00000000983579254150
39600 0.00000000971794128418
39700 0.00000000994069671631
39800 0.00000001012313079834
39900 0.00000000969886779785
40000 0.00000000995977020264
40100 0.00000001095771789551
40200 0.00000000904560089111
40300 0.00000000984532928467
40400 0.00000000951766967773
40500 0.00000001159191131592
40600 0.00000000885486602783
40700 0.00000001009464263916
40800 0.00000001070771026611
40900 0.00000001028468322754
41000 0.00000000879764556885
41100 0.00000000943660736084
41200 0.00000000997407531738
41300 0.00000000963075256348
41400 0.00000001026630401611
41500 0.00000000929832458496
41600 0.00000000978334045410
41700 0.00000001000947570801
41800 0.00000001121520996094
41900 0.00000000981807708740
42000 0.00000000900268554688
42100 0.00000000895023345947
42200 0.00000000906467437744
42300 0.00000001076613616943
42400 0.00000000926494598389
42500 0.00000001055714416504
42600 0.00000000908851623535
42700 0.00000000903606414795
42800 0.00000000891685485840
42900 0.00000000907421112061
43000 0.00000000904560089111
43100 0.00000001211166381836
43200 0.00000000937461853027
43300 0.00000001039707183838
43400 0.00000000931739807129
43500 0.00000000974178314209
43600 0.00000000938892364502
43700 0.00000000939710235596
43800 0.00000001056942749023
43900 0.00000001051899719238
44000 0.00000000925540924072
44100 0.00000001196384429932
44200 0.00000000964641571045
44300 0.00000000913619995117
44400 0.00000000914573669434
44500 0.00000000898838043213
44600 0.00000000963687896729
44700 0.00000001070022583008
44800 0.00000000909328460693
44900 0.00000000885009765625
45000 0.00000001038074493408
45100 0.00000000897884368896
45200 0.00000000900745391846
45300 0.00000000926494598389
45400 0.00000001079960632324
45500 0.00000000947952270508
45600 0.00000001098155975342
45700 0.00000000928401947021
45800 0.00000000899791717529
45900 0.00000000933647155762
46000 0.00000000996589660645
46100 0.00000000924110412598
46200 0.00000001023292541504
46300 0.00000001054078674316
46400 0.00000000922679901123
46500 0.00000000931262969971
46600 0.00000001178741455078
46700 0.00000000984668731689
46800 0.00000000920772552490
46900 0.00000000977039337158
47000 0.00000000967502593994
47100 0.00000001005172729492
47200 0.00000000904083251953
47300 0.00000000974178314209
47400 0.00000000977039337158
47500 0.00000000998497009277
47600 0.00000000938892364502
47700 0.00000001023292541504
47800 0.00000000919818878174
47900 0.00000000968933105469
48000 0.00000000894069671631
48100 0.00000000967502593994
48200 0.00000000917911529541
48300 0.00000000944137573242
48400 0.00000000921726226807
48500 0.00000001031875610352
48600 0.00000000926494598389
48700 0.00000000986576080322
48800 0.00000000924110412598
48900 0.00000001075267791748
49000 0.00000000911235809326
49100 0.00000000978946685791
49200 0.00000000907897949219
49300 0.00000000951290130615
49400 0.00000000905036926270
49500 0.00000000945568084717
49600 0.00000000930309295654
49700 0.00000000982284545898
49800 0.00000000912189483643
49900 0.00000001008033752441
50000 0.00000000991344451904
50100 0.00000001002311706543
50200 0.00000001029968261719
50300 0.00000000981807708740
50400 0.00000000914096832275
50500 0.00000000975608825684
50600 0.00000000930309295654
50700 0.00000000977993011475
50800 0.00000000953197479248
50900 0.00000000991344451904
51000 0.00000000911712646484
51100 0.00000001004219055176
51200 0.00000000987529754639
51300 0.00000000956535339355
51400 0.00000000936031341553
51500 0.00000000977993011475
51600 0.00000000903129577637
51700 0.00000001010417938232
51800 0.00000000939369201660
51900 0.00000001011371612549
52000 0.00000000903129577637
52100 0.00000001017570495605
52200 0.00000000940799713135
52300 0.00000001071929931641
52400 0.00000001061913299561
52500 0.00000000953674316406
52600 0.00000000946044921875
52700 0.00000000981330871582
52800 0.00000001070976257324
52900 0.00000001035690307617
53000 0.00000000941276550293
53100 0.00000001018047332764
53200 0.00000000980377197266
53300 0.00000000989437103271
53400 0.00000000963211059570
53500 0.00000001034736633301
53600 0.00000000932216644287
53700 0.00000000943660736084
53800 0.00000000945091247559
53900 0.00000001034259796143
54000 0.00000000983715057373
54100 0.00000000963687896729
54200 0.00000000910282135010
54300 0.00000000969886779785
54400 0.00000000944137573242
54500 0.00000001060485839844
54600 0.00000000964164733887
54700 0.00000000954151153564
54800 0.00000000865459442139
54900 0.00000001167774200439
55000 0.00000000967025756836
55100 0.00000001003742218018
55200 0.00000000988483428955
55300 0.00000001021385192871
55400 0.00000001036167144775
55500 0.00000001099109649658
55600 0.00000000896453857422
55700 0.00000001007080078125
55800 0.00000000952243804932
55900 0.00000000963687896729
56000 0.00000000924110412598
56100 0.00000001080513000488
56200 0.00000000907421112061
56300 0.00000001010894775391
56400 0.00000000928878784180
56500 0.00000001007556915283
56600 0.00000000946044921875
56700 0.00000001070976257324
56800 0.00000000943660736084
56900 0.00000000973701477051
57000 0.00000000948429107666
57100 0.00000001001834869385
57200 0.00000000950813293457
57300 0.00000000970363616943
57400 0.00000000911235809326
57500 0.00000000967502593994
57600 0.00000000957489013672
57700 0.00000001008033752441
57800 0.00000000985145568848
57900 0.00000000992774963379
58000 0.00000000901699066162
58100 0.00000001028060913086
58200 0.00000000974655151367
58300 0.00000001023769378662
58400 0.00000000939846038818
58500 0.00000000973224639893
58600 0.00000000942707061768
58700 0.00000001000404357910
58800 0.00000000943660736084
58900 0.00000000955581665039
59000 0.00000000917911529541
59100 0.00000001003265380859
59200 0.00000001166874694824
59300 0.00000000988006591797
59400 0.00000000980377197266
59500 0.00000000991821289062
59600 0.00000001148700714111
59700 0.00000000968933105469
59800 0.00000000941276550293
59900 0.00000001013755798340
60000 0.00000000988006591797
60100 0.00000000992707061768
60200 0.00000001293182373047
60300 0.00000000964641571045
60400 0.00000001005595245361
60500 0.00000000994682312012
60600 0.00000001002270965576
60700 0.00000001002311706543
60800 0.00000000967979431152
60900 0.00000001034736633301
61000 0.00000000998020172119
61100 0.00000000988483428955
61200 0.00000000932693481445
61300 0.00000001032829284668
61400 0.00000001028060913086
61500 0.00000001038074493408
61600 0.00000000990826873779
61700 0.00000001017570495605
61800 0.00000000998497009277
61900 0.00000001080036163330
62000 0.00000000966072082520
62100 0.00000000990390777588
62200 0.00000000991821289062
62300 0.00000001062870025635
62400 0.00000000977993011475
62500 0.00000001000881195068
62600 0.00000001036643981934
62700 0.00000001018047332764
62800 0.00000000950336456299
62900 0.00000001002311706543
63000 0.00000001011371612549
63100 0.00000000987052917480
63200 0.00000000977516174316
63300 0.00000000994682312012
63400 0.00000001008033752441
63500 0.00000001008987426758
63600 0.00000001014232635498
63700 0.00000001008033752441
63800 0.00000001033306121826
63900 0.00000001008033752441
64000 0.00000001062393188477
64100 0.00000001008510589600
64200 0.00000001034736633301
64300 0.00000001018524169922
64400 0.00000000964641571045
64500 0.00000001052856445312
64600 0.00000001007080078125
64700 0.00000001060009002686
64800 0.00000001097679138184
64900 0.00000000974178314209
65000 0.00000001006603240967
65100 0.00000001037597656250
65200 0.00000000985145568848
65300 0.00000000987529754639
65400 0.00000001018047332764
65500 0.00000000963687896729
65600 0.00000000998020172119
65700 0.00000001036643981934
65800 0.00000001005649566650
65900 0.00000001014232635498
66000 0.00000000961780548096
66100 0.00000001010894775391
66200 0.00000001132545471191
66300 0.00000001044273376465
66400 0.00000001044273376465
66500 0.00000001152445983887
66600 0.00000001046180725098
66700 0.00000001039028167725
66800 0.00000001038074493408
66900 0.00000001005159149170
67000 0.00000001018074493408
67100 0.00000001001834869385
67200 0.00000001012802124023
67300 0.00000000998919525146
67400 0.00000000998497009277
67500 0.00000001021385192871
67600 0.00000001136302947998
67700 0.00000000999873199463
67800 0.00000000994205474854
67900 0.00000000968456268311
68000 0.00000001009941101074
68100 0.00000000993660736084
68200 0.00000001037120819092
68300 0.00000001012325286865
68400 0.00000001000404357910
68500 0.00000001018524169922
68600 0.00000001014232635498
68700 0.00000000994655151367
68800 0.00000001017570495605
68900 0.00000000960350036621
69000 0.00000000992298126221
69100 0.00000001002761383057
69200 0.00000001058919525146
69300 0.00000001001358032227
69400 0.00000000979900360107
69500 0.00000000988483428955
69600 0.00000000980377197266
69700 0.00000001126968383789
69800 0.00000001035213470459
69900 0.00000000988960266113
70000 0.00000000984191894531
70100 0.00000001175334167480
70200 0.00000000968933105469
70300 0.00000000960350036621
70400 0.00000001023769378662
70500 0.00000001080036163330
70600 0.00000001052856445312
70700 0.00000001034259796143
70800 0.00000001049995422363
70900 0.00000001011371612549
71000 0.00000001034736633301
71100 0.00000000988006591797
71200 0.00000001014232635498
71300 0.00000001029491424561
71400 0.00000001071453094482
71500 0.00000000998973846436
71600 0.00000001036643981934
71700 0.00000001027107238770
71800 0.00000001032352447510
71900 0.00000001019954681396
72000 0.00000001121451568604
72100 0.00000001005172729492
72200 0.00000001049995422363
72300 0.00000001018524169922
72400 0.00000001019477844238
72500 0.00000001050949096680
72600 0.00000001035690307617
72700 0.00000001095159149170
72800 0.00000000990390777588
72900 0.00000001010417938232
73000 0.00000001073360443115
73100 0.00000001044750213623
73200 0.00000001084327697754
73300 0.00000000969886779785
73400 0.00000001109123229980
73500 0.00000001087188720703
73600 0.00000001051902770996
73700 0.00000001045227050781
73800 0.00000001044273376465
73900 0.00000001063823699951
74000 0.00000001049518585205
74100 0.00000001020908355713
74200 0.00000001035213470459
74300 0.00000001012325286865
74400 0.00000001076562500000
74500 0.00000001022815704346
74600 0.00000001078128814697
74700 0.00000001084327697754
74800 0.00000001017570495605
74900 0.00000001023292541504
75000 0.00000001015186309814
75100 0.00000001010867614746
75200 0.00000001150608062744
75300 0.00000001025199890137
75400 0.00000001027303314209
75500 0.00000001035213470459
75600 0.00000001016139984131
75700 0.00000001011371612549
75800 0.00000001070499420166
75900 0.00000001011848449707
76000 0.00000001105308532715
76100 0.00000001056194305420
76200 0.00000001101970672607
76300 0.00000001044273376465
76400 0.00000001080036163330
76500 0.00000001032352447510
76600 0.00000001119951629639
76700 0.00000001056194305420
76800 0.00000001087665557861
76900 0.00000001012325286865
77000 0.00000001089096069336
77100 0.00000001071929931641
77200 0.00000001040458679199
77300 0.00000001048564910889
77400 0.00000001008987426758
77500 0.00000001097679138184
77600 0.00000001030445098877
77700 0.00000001065254211426
77800 0.00000001036643981934
77900 0.00000001102924346924
78000 0.00000001104831695557
78100 0.00000001079082489014
78200 0.00000001030445098877
78300 0.00000001071929931641
78400 0.00000001001358032227
78500 0.00000001100401306152
78600 0.00000001023292541504
78700 0.00000001050472259521
78800 0.00000001075267791748
78900 0.00000001113414764404
79000 0.00000001084804534912
79100 0.00000001174380493164
79200 0.00000001065731048584
79300 0.00000001059532165527
79400 0.00000001018047332764
79500 0.00000001112937927246
79600 0.00000001049518585205
79700 0.00000001088619232178
79800 0.00000001165390014648
79900 0.00000001067638397217
80000 0.00000001069545745850
80100 0.00000001064300537109
80200 0.00000001083850860596
80300 0.00000001052856445312
80400 0.00000001343727111816
80500 0.00000001074790954590
80600 0.00000001103878021240
80700 0.00000001360416412354
80800 0.00000001044273376465
80900 0.00000001012050628662
81000 0.00000001053333282471
81100 0.00000001058101654053
81200 0.00000001052856445312
81300 0.00000001126766204834
81400 0.00000001079559326172
81500 0.00000001084804534912
81600 0.00000001090049743652
81700 0.00000001065731048584
81800 0.00000001046180725098
81900 0.00000001145362854004
82000 0.00000001142978668213
82100 0.00000001082897186279
82200 0.00000001080513000488
82300 0.00000001157283782959
82400 0.00000001074790954590
82500 0.00000001096248626709
82600 0.00000001144409179688
82700 0.00000001169681549072
82800 0.00000001067638397217
82900 0.00000001087188720703
83000 0.00000001075744628906
83100 0.00000001084327697754
83200 0.00000001104831695557
83300 0.00000001109600067139
83400 0.00000001086235046387
83500 0.00000001174845123291
83600 0.00000001087665557861
83700 0.00000001077651977539
83800 0.00000001079559326172
83900 0.00000001059055328369
84000 0.00000001082420349121
84100 0.00000001059532165527
84200 0.00000001108646392822
84300 0.00000001111507415771
84400 0.00000001080513000488
84500 0.00000001059055328369
84600 0.00000001117229461670
84700 0.00000001089096069336
84800 0.00000001107692718506
84900 0.00000001056194305420
85000 0.00000001371383666992
85100 0.00000001129627227783
85200 0.00000001078605651855
85300 0.00000001147270202637
85400 0.00000001064300537109
85500 0.00000001109123229980
85600 0.00000001112937927246
85700 0.00000001129150390625
85800 0.00000001148223876953
85900 0.00000001066207885742
86000 0.00000001080989837646
86100 0.00000001160144805908
86200 0.00000001080513000488
86300 0.00000001104354858398
86400 0.00000001105785369873
86500 0.00000001094818115234
86600 0.00000001221179962158
86700 0.00000001093387603760
86800 0.00000001102447509766
86900 0.00000001286029815674
87000 0.00000001124382019043
87100 0.00000001048564910889
87200 0.00000001103401184082
87300 0.00000001074790954590
87400 0.00000001114368438721
87500 0.00000001157283782959
87600 0.00000001110076904297
87700 0.00000001149177551270
87800 0.00000001143932342529
87900 0.00000001079082489014
88000 0.00000001238822937012
88100 0.00000001091480255127
88200 0.00000001171112060547
88300 0.00000001123428344727
88400 0.00000001148223876953
88500 0.00000001105308532715
88600 0.00000001144886016846
88700 0.00000001109123229980
88800 0.00000001269817352295
88900 0.00000001080989837646
89000 0.00000001139163970947
89100 0.00000001096248626709
89200 0.00000001114845275879
89300 0.00000001080513000488
89400 0.00000001123905181885
89500 0.00000001118659973145
89600 0.00000001119136810303
89700 0.00000001103878021240
89800 0.00000001096725463867
89900 0.00000001176357269287
90000 0.00000001091003417969
90100 0.00000001080036163330
90200 0.00000001114368438721
90300 0.00000001142978668213
90400 0.00000001183014678955
90500 0.00000001120090484619
90600 0.00000001106262207031
90700 0.00000001165866851807
90800 0.00000001181125640869
90900 0.00000001119613647461
91000 0.00000001100063323975
91100 0.00000001143455505371
91200 0.00000001048564910889
91300 0.00000001057624816895
91400 0.00000001039505004883
91500 0.00000001061916351318
91600 0.00000001104831695557
91700 0.00000001106739044189
91800 0.00000001049995422363
91900 0.00000001068592071533
92000 0.00000001029014587402
92100 0.00000001059532165527
92200 0.00000001014232635498
92300 0.00000001071453094482
92400 0.00000001008987426758
92500 0.00000001147747039795
92600 0.00000001049995422363
92700 0.00000001080989837646
92800 0.00000001051902770996
92900 0.00000001063823699951
93000 0.00000001057147979736
93100 0.00000000995635986328
93200 0.00000001111507415771
93300 0.00000001046180725098
93400 0.00000001116275787354
93500 0.00000001081943511963
93600 0.00000001063823699951
93700 0.00000001019477844238
93800 0.00000001043319702148
93900 0.00000001111030578613
94000 0.00000001056671142578
94100 0.00000001078605651855
94200 0.00000001069068908691
94300 0.00000001050472259521
94400 0.00000001058101654053
94500 0.00000001055240631104
94600 0.00000001114845275879
94700 0.00000001074314117432
94800 0.00000001283645629883
94900 0.00000001071929931641
95000 0.00000001070976257324
95100 0.00000001162052154541
95200 0.00000001088142395020
95300 0.00000001059532165527
95400 0.00000001165390014648
95500 0.00000001080036163330
95600 0.00000001094341278076
95700 0.00000001095294952393
95800 0.00000001061439514160
95900 0.00000001136779785156
96000 0.00000001058101654053
96100 0.00000001099109649658
96200 0.00000001119613647461
96300 0.00000001117706298828
96400 0.00000001072406768799
96500 0.00000001096248626709
96600 0.00000001087188720703
96700 0.00000001093864440918
96800 0.00000001046180725098
96900 0.00000001088619232178
97000 0.00000001113414764404
97100 0.00000001125812530518
97200 0.00000001059532165527
97300 0.00000001122951507568
97400 0.00000001090526580811
97500 0.00000001210689544678
97600 0.00000001124382019043
97700 0.00000001054763793945
97800 0.00000001099586486816
97900 0.00000001147270202637
98000 0.00000001122951507568
98100 0.00000001078605651855
98200 0.00000001124382019043
98300 0.00000001062870025635
98400 0.00000001083374023438
98500 0.00000001076698303223
98600 0.00000001100540161133
98700 0.00000001093864440918
98800 0.00000001138687133789
98900 0.00000001073360443115
99000 0.00000001142501831055
99100 0.00000001219749450684
99200 0.00000001134395599365
99300 0.00000001094818115234
99400 0.00000001110553741455
99500 0.00000001130580902100
99600 0.00000001148223876953
99700 0.00000001123905181885
99800 0.00000001112937927246
99900 0.00000001099109649658
100000 0.00000001107692718506
