1000 0.00000046372413635254
1500 0.00000054163932800293
2000 0.00000062623023986816
2500 0.00000068503028869629
3000 0.00000075263977050781
3500 0.00000079579353332520
4000 0.00000086011886596680
4500 0.00000089898109436035
5000 0.00000094552040100098
5500 0.00000100945732116699
6000 0.00000104878280639648
6500 0.00000108893249511719
7000 0.00000112242004394531
7500 0.00000115324394226074
8000 0.00000118681327819824
8500 0.00000121109092712402
9000 0.00000124634941101074
9500 0.00000127049758911133
10000 0.00000130093338012695
