1000 0.00000004251003265381
1500 0.00000004787445068359
2000 0.00000004484653472900
2500 0.00000004699230194092
3000 0.00000004270076751709
3500 0.00000004613399505615
4000 0.00000004570484161377
4500 0.00000004584789276123
5000 0.00000004489421844482
5500 0.00000004305839538574
6000 0.00000004506111145020
6500 0.00000004329681396484
7000 0.00000004732608795166
7500 0.00000004501342773437
8000 0.00000004799365997314
8500 0.00000004563331604004
9000 0.00000004885196685791
9500 0.00000004227161407471
10000 0.00000004107952117920
