1000 0.00000055165290832520
1500 0.00000066323280334473
2000 0.00000078854560852051
2500 0.00000086784362792969
3000 0.00000093941688537598
3500 0.00000105509757995605
4000 0.00000111083984375000
4500 0.00000120639801025391
5000 0.00000124711990356445
5500 0.00000135378837585449
6000 0.00000142893791198730
6500 0.00000146906707763672
7000 0.00000150191421508789
7500 0.00000154915489196777
8000 0.00000158335075378418
8500 0.00000162711051940918
9000 0.00000166392204284668
9500 0.00000170473899841309
10000 0.00000175811729431152
