1000 0.00000676207542419434
1500 0.00000981426239013672
2000 0.00001322050094604492
2500 0.00001654930114746094
3000 0.00001976499557495117
3500 0.00002342748641967773
4000 0.00002673273086547852
4500 0.00003025493621826172
5000 0.00003350315093994141
5500 0.00003732123374938965
6000 0.00004083805084228516
6500 0.00004453077316284180
7000 0.00004822072982788086
7500 0.00005230073928833008
8000 0.00005566458702087402
8500 0.00005946869850158691
9000 0.00006313085556030274
9500 0.00006677842140197754
10000 0.00007075195312500000
