1000 0.00000339851379394531
1500 0.00000498416423797607
2000 0.00000661795139312744
2500 0.00000835082530975342
3000 0.00001000003814697266
3500 0.00001173670291900635
4000 0.00001356112957000732
4500 0.00001505351066589356
5000 0.00001686127185821533
5500 0.00001833884716033936
6000 0.00002014689445495606
6500 0.00002193043231964111
7000 0.00002343621253967285
7500 0.00002500584125518799
8000 0.00002722053527832031
8500 0.00002882785797119141
9000 0.00003135550022125244
9500 0.00003270006179809570
10000 0.00003418247699737549
