1000 0.00000005433559417725
1050 0.00000005624294281006
1100 0.00000005571842193604
1150 0.00000005903244018555
1200 0.00000005702972412109
1250 0.00000005776882171631
1300 0.00000005433559417725
1350 0.00000005352497100830
1400 0.00000005240440368652
1450 0.00000005550384521484
1500 0.00000005946159362793
1550 0.00000005533695220947
1600 0.00000005555152893066
1650 0.00000005233287811279
1700 0.00000005714893341064
1750 0.00000005557537078857
1800 0.00000005807876586914
1850 0.00000005934238433838
1900 0.00000005948543548584
1950 0.00000005266666412354
2000 0.00000005671977996826
2050 0.00000005981922149658
2100 0.00000006034374237061
2150 0.00000005323886871338
2200 0.00000005774497985840
2250 0.00000005583763122559
2300 0.00000005900859832764
2350 0.00000005424022674561
2400 0.00000005362033843994
2450 0.00000005373954772949
2500 0.00000005941390991211
2550 0.00000005521774291992
2600 0.00000005700588226318
2650 0.00000005691051483154
2700 0.00000005564689636230
2750 0.00000005705356597900
2800 0.00000005578994750977
2850 0.00000005490779876709
2900 0.00000005393028259277
2950 0.00000005471706390381
3000 0.00000005753040313721
3050 0.00000005831718444824
3100 0.00000005171298980713
3150 0.00000005800724029541
3200 0.00000005328655242920
3250 0.00000005769729614258
3300 0.00000005176067352295
3350 0.00000005636215209961
3400 0.00000005362033843994
3450 0.00000005726814270020
3500 0.00000004918575286865
3550 0.00000005297660827637
3600 0.00000005419254302979
3650 0.00000005376338958740
3700 0.00000004966259002686
3750 0.00000005383491516113
3800 0.00000005271434783936
3850 0.00000005261898040771
3900 0.00000005862712860107
3950 0.00000005564689636230
4000 0.00000005826950073242
4050 0.00000005109310150146
4100 0.00000005590915679932
4150 0.00000005216598510742
4200 0.00000005164146423340
4250 0.00000005497932434082
4300 0.00000005486011505127
4350 0.00000005540847778320
4400 0.00000005688667297363
4450 0.00000005974769592285
4500 0.00000005002021789551
4550 0.00000005402565002441
4600 0.00000005791187286377
4650 0.00000005586147308350
4700 0.00000005505084991455
4750 0.00000005018711090088
4800 0.00000005159378051758
4850 0.00000005855560302734
4900 0.00000005834102630615
4950 0.00000005712509155273
5000 0.00000005748271942139
5050 0.00000005323886871338
5100 0.00000005869865417480
5150 0.00000005860328674316
5200 0.00000005748271942139
5250 0.00000005130767822266
5300 0.00000005338191986084
5350 0.00000005645751953125
5400 0.00000005357265472412
5450 0.00000005133152008057
5500 0.00000005409717559814
5550 0.00000005159378051758
5600 0.00000005729198455811
5650 0.00000005447864532471
5700 0.00000005557537078857
5750 0.00000005609989166260
5800 0.00000005202293395996
5850 0.00000005469322204590
5900 0.00000005574226379395
5950 0.00000005469322204590
6000 0.00000005190372467041
6050 0.00000005195140838623
6100 0.00000005397796630859
6150 0.00000005571842193604
6200 0.00000005452632904053
6250 0.00000005512237548828
6300 0.00000005669593811035
6350 0.00000005369186401367
6400 0.00000005924701690674
6450 0.00000005238056182861
6500 0.00000005695819854736
6550 0.00000005197525024414
6600 0.00000005688667297363
6650 0.00000005097389221191
6700 0.00000005528926849365
6750 0.00000005724430084229
6800 0.00000005805492401123
6850 0.00000005075931549072
6900 0.00000005352497100830
6950 0.00000005009174346924
7000 0.00000005397796630859
7050 0.00000005192756652832
7100 0.00000005495548248291
7150 0.00000005173683166504
7200 0.00000005469322204590
7250 0.00000005249977111816
7300 0.00000005078315734863
7350 0.00000005371570587158
7400 0.00000005152225494385
7450 0.00000004906654357910
7500 0.00000005543231964111
7550 0.00000005178451538086
7600 0.00000005645751953125
7650 0.00000005371570587158
7700 0.00000005562305450439
7750 0.00000005342960357666
7800 0.00000005519390106201
7850 0.00000005366802215576
7900 0.00000005218982696533
7950 0.00000004816055297852
8000 0.00000005412101745605
8050 0.00000005283355712891
8100 0.00000005810260772705
8150 0.00000005025863647461
8200 0.00000005102157592773
8250 0.00000005764961242676
8300 0.00000005602836608887
8350 0.00000005495548248291
8400 0.00000005390644073486
8450 0.00000005717277526855
8500 0.00000005354881286621
8550 0.00000005342960357666
8600 0.00000004997253417969
8650 0.00000005676746368408
8700 0.00000005192756652832
8750 0.00000005557537078857
8800 0.00000005295276641846
8850 0.00000005261898040771
8900 0.00000004897117614746
8950 0.00000005421638488770
9000 0.00000005345344543457
9050 0.00000005197525024414
9100 0.00000005285739898682
9150 0.00000005424022674561
9200 0.00000005326271057129
9250 0.00000005035400390625
9300 0.00000005626678466797
9350 0.00000005967617034912
9400 0.00000005772113800049
9450 0.00000006158351898193
9500 0.00000005278587341309
9550 0.00000005414485931396
9600 0.00000005896091461182
9650 0.00000005979537963867
9700 0.00000005774497985840
9750 0.00000005192756652832
9800 0.00000005977153778076
9850 0.00000005369186401367
9900 0.00000005187988281250
9950 0.00000005285739898682
10000 0.00000005815029144287
