1000 0.00000007433891296387
1010 0.00000007257461547852
1020 0.00000008025169372559
1030 0.00000007853507995605
1040 0.00000008673667907715
1050 0.00000007572174072266
1060 0.00000008025169372559
1070 0.00000008049011230469
1080 0.00000007576942443848
1090 0.00000008006095886230
1100 0.00000007395744323730
1110 0.00000007481575012207
1120 0.00000008034706115723
1130 0.00000007696151733398
1140 0.00000007991790771484
1150 0.00000007777214050293
1160 0.00000007700920104980
1170 0.00000007815361022949
1180 0.00000007667541503906
1190 0.00000007944107055664
1200 0.00000007610321044922
1210 0.00000008425712585449
1220 0.00000008039474487305
1230 0.00000008316040039062
1240 0.00000007901191711426
1250 0.00000007600784301758
1260 0.00000007529258728027
1270 0.00000007762908935547
1280 0.00000007534027099609
1290 0.00000007610321044922
1300 0.00000007991790771484
1310 0.00000008130073547363
1320 0.00000007257461547852
1330 0.00000007638931274414
1340 0.00000008411407470703
1350 0.00000007839202880859
1360 0.00000008373260498047
1370 0.00000007934570312500
1380 0.00000009002685546875
1390 0.00000007686614990234
1400 0.00000008292198181152
1410 0.00000007448196411133
1420 0.00000008234977722168
1430 0.00000007686614990234
1440 0.00000008316040039062
1450 0.00000007681846618652
1460 0.00000007777214050293
1470 0.00000008096694946289
1480 0.00000007371902465820
1490 0.00000007476806640625
1500 0.00000007243156433105
1510 0.00000007743835449219
1520 0.00000008111000061035
1530 0.00000008273124694824
1540 0.00000007634162902832
1550 0.00000007696151733398
1560 0.00000008425712585449
1570 0.00000008111000061035
1580 0.00000007991790771484
1590 0.00000007786750793457
1600 0.00000007796287536621
1610 0.00000007715225219727
1620 0.00000007867813110352
1630 0.00000007610321044922
1640 0.00000007724761962891
1650 0.00000007700920104980
1660 0.00000008621215820312
1670 0.00000008292198181152
1680 0.00000007758140563965
1690 0.00000007696151733398
1700 0.00000007524490356445
1710 0.00000008444786071777
1720 0.00000008044242858887
1730 0.00000008187294006348
1740 0.00000007953643798828
1750 0.00000008134841918945
1760 0.00000007233619689941
1770 0.00000007481575012207
1780 0.00000007982254028320
1790 0.00000007390975952148
1800 0.00000007972717285156
1810 0.00000008182525634766
1820 0.00000007896423339844
1830 0.00000007658004760742
1840 0.00000008134841918945
1850 0.00000007452964782715
1860 0.00000008511543273926
1870 0.00000007753372192383
1880 0.00000008354187011719
1890 0.00000007505416870117
1900 0.00000008015632629395
1910 0.00000007762908935547
1920 0.00000008234977722168
1930 0.00000008316040039062
1940 0.00000008301734924316
1950 0.00000007915496826172
1960 0.00000009708404541016
1970 0.00000007586479187012
1980 0.00000007977485656738
1990 0.00000007781982421875
2000 0.00000007929801940918
2010 0.00000007619857788086
2020 0.00000007433891296387
2030 0.00000007963180541992
2040 0.00000008187294006348
2050 0.00000007243156433105
2060 0.00000007619857788086
2070 0.00000007462501525879
2080 0.00000007805824279785
2090 0.00000008320808410645
2100 0.00000008568763732910
2110 0.00000007977485656738
2120 0.00000008549690246582
2130 0.00000008263587951660
2140 0.00000008568763732910
2150 0.00000008955001831055
2160 0.00000007152557373047
2170 0.00000007758140563965
2180 0.00000007672309875488
2190 0.00000007610321044922
2200 0.00000007934570312500
2210 0.00000008802413940430
2220 0.00000008254714965820
2230 0.00000008909339904785
2240 0.00000008636184692383
2250 0.00000008068084716797
2260 0.00000007591247558594
2270 0.00000007996559143066
2280 0.00000007519721984863
2290 0.00000008535385131836
2300 0.00000008130073547363
2310 0.00000008192062377930
2320 0.00000007815361022949
2330 0.00000007858276367188
2340 0.00000008211135864258
2350 0.00000008044242858887
2360 0.00000008049011230469
2370 0.00000007987022399902
2380 0.00000007772445678711
2390 0.00000007753372192383
2400 0.00000008554458618164
2410 0.00000008444786071777
2420 0.00000007929801940918
2430 0.00000006990432739258
2440 0.00000008168220520020
2450 0.00000008573532104492
2460 0.00000007958412170410
2470 0.00000008583068847656
2480 0.00000008172988891602
2490 0.00000007615089416504
2500 0.00000007891654968262
2510 0.00000008983612060547
2520 0.00000008444786071777
2530 0.00000008234977722168
2540 0.00000008239746093750
2550 0.00000008342597961426
2560 0.00000008139610290527
2570 0.00000008435249328613
2580 0.00000009946823120117
2590 0.00000009298324584961
2600 0.00000008201599121094
2610 0.00000009164810180664
2620 0.00000008292198181152
2630 0.00000008263587951660
2640 0.00000007934570312500
2650 0.00000008192062377930
2660 0.00000008192062377930
2670 0.00000008468627929688
2680 0.00000007557868957520
2690 0.00000007996559143066
2700 0.00000007948875427246
2710 0.00000007500648498535
2720 0.00000008168220520020
2730 0.00000009412765502930
2740 0.00000008077621459961
2750 0.00000007410049438477
2760 0.00000008010864257813
2770 0.00000007820129394531
2780 0.00000007710456848145
2790 0.00000008392333984375
2800 0.00000007686614990234
2810 0.00000007123947143555
2820 0.00000008306503295898
2830 0.00000008449554443359
2840 0.00000007753372192383
2850 0.00000008172958374023
2860 0.00000008104843139648
2870 0.00000007734298706055
2880 0.00000008196830749512
2890 0.00000008354187011719
2900 0.00000008440017700195
2910 0.00000008401870727539
2920 0.00000008172988891602
2930 0.00000007581710815430
2940 0.00000008249282836914
2950 0.00000008139610290527
2960 0.00000007824897766113
2970 0.00000008749961853027
2980 0.00000007958412170410
2990 0.00000007901191711426
3000 0.00000007839202880859
3010 0.00000007901191711426
3020 0.00000008435249328613
3030 0.00000007953643798828
3040 0.00000008139610290527
3050 0.00000008096694946289
3060 0.00000007953643798828
3070 0.00000008482933044434
3080 0.00000009751319885254
3090 0.00000008349418640137
3100 0.00000007686614990234
3110 0.00000007433891296387
3120 0.00000008177757263184
3130 0.00000007200241088867
3140 0.00000008130073547363
3150 0.00000008582374572754
3160 0.00000008797645568848
3170 0.00000008457038879395
3180 0.00000009055137634277
3190 0.00000008397102355957
3200 0.00000008373260498047
3210 0.00000008039474487305
3220 0.00000008234977722168
3230 0.00000007972717285156
3240 0.00000007963180541992
3250 0.00000007753372192383
3260 0.00000007309913635254
3270 0.00000008234977722168
3280 0.00000008687973022461
3290 0.00000008068084716797
3300 0.00000007176399230957
3310 0.00000007672309875488
3320 0.00000007996559143066
3330 0.00000007557868957520
3340 0.00000008172988891602
3350 0.00000008497238159180
3360 0.00000008292198181152
3370 0.00000008468627929688
3380 0.00000008339881896973
3390 0.00000008859634399414
3400 0.00000009937286376953
3410 0.00000008692741394043
3420 0.00000009922981262207
3430 0.00000009641647338867
3440 0.00000008435249328613
3450 0.00000007810592651367
3460 0.00000007987022399902
3470 0.00000008544921875000
3480 0.00000007443428039551
3490 0.00000008492469787598
3500 0.00000008392333984375
3510 0.00000007848739624023
3520 0.00000007944107055664
3530 0.00000008120536804199
3540 0.00000007638931274414
3550 0.00000007934570312500
3560 0.00000008277893066406
3570 0.00000008401870727539
3580 0.00000007548332214355
3590 0.00000008339881896973
3600 0.00000007863044738770
3610 0.00000007867813110352
3620 0.00000008306503295898
3630 0.00000008473396301270
3640 0.00000008215904235840
3650 0.00000007457733154297
3660 0.00000008306503295898
3670 0.00000008120536804199
3680 0.00000009169578552246
3690 0.00000008869171142578
3700 0.00000007548332214355
3710 0.00000008940696716309
3720 0.00000007681846618652
3730 0.00000008149147033691
3740 0.00000008339881896973
3750 0.00000008459091186523
3760 0.00000008850097656250
3770 0.00000008788108825684
3780 0.00000008149147033691
3790 0.00000007510185241699
3800 0.00000007929801940918
3810 0.00000008344650268555
3820 0.00000008258819580078
3830 0.00000008344650268555
3840 0.00000008120536804199
3850 0.00000008754730224609
3860 0.00000007572174072266
3870 0.00000008387565612793
3880 0.00000007781982421875
3890 0.00000008025169372559
3900 0.00000007410049438477
3910 0.00000007991790771484
3920 0.00000008664131164551
3930 0.00000008139610290527
3940 0.00000008168220520020
3950 0.00000008521080017090
3960 0.00000008258819580078
3970 0.00000007796287536621
3980 0.00000008206367492676
3990 0.00000008573532104492
4000 0.00000008592605590820
4010 0.00000007853507995605
4020 0.00000007843971252441
4030 0.00000007171630859375
4040 0.00000008254051208496
4050 0.00000008416175842285
4060 0.00000008540153503418
4070 0.00000007457733154297
4080 0.00000008783340454102
4090 0.00000008578300476074
4100 0.00000007643699645996
4110 0.00000008163452148437
4120 0.00000008015632629395
4130 0.00000008592605590820
4140 0.00000008139610290527
4150 0.00000007534027099609
4160 0.00000008277893066406
4170 0.00000008316040039062
4180 0.00000008277893066406
4190 0.00000007410049438477
4200 0.00000008273124694824
4210 0.00000007877349853516
4220 0.00000008158683776855
4230 0.00000007395744323730
4240 0.00000008192062377930
4250 0.00000007605552673340
4260 0.00000008301734924316
4270 0.00000008072853088379
4280 0.00000007724761962891
4290 0.00000007977485656738
4300 0.00000008049011230469
4310 0.00000007295608520508
4320 0.00000007667541503906
4330 0.00000008969306945801
4340 0.00000007643699645996
4350 0.00000007872581481934
4360 0.00000008320808410645
4370 0.00000008044242858887
4380 0.00000008211135864258
4390 0.00000008330345153809
4400 0.00000008091926574707
4410 0.00000008740425109863
4420 0.00000007920265197754
4430 0.00000009527206420898
4440 0.00000008063316345215
4450 0.00000008158683776855
4460 0.00000008993148803711
4470 0.00000008220672607422
4480 0.00000008549690246582
4490 0.00000008063316345215
4500 0.00000008354187011719
4510 0.00000007724761962891
4520 0.00000008749961853027
4530 0.00000008182525634766
4540 0.00000007920265197754
4550 0.00000008149147033691
4560 0.00000008506774902344
4570 0.00000008635520935059
4580 0.00000008115768432617
4590 0.00000007634162902832
4600 0.00000007543563842773
4610 0.00000008382797241211
4620 0.00000008606910705566
4630 0.00000008344650268555
4640 0.00000008172988891602
4650 0.00000009779930114746
4660 0.00000008516311645508
4670 0.00000008578300476074
4680 0.00000009274482727051
4690 0.00000008473396301270
4700 0.00000008797645568848
4710 0.00000007514953613281
4720 0.00000007710456848145
4730 0.00000008797645568848
4740 0.00000008254051208496
4750 0.00000009179115295410
4760 0.00000008416175842285
4770 0.00000007658004760742
4780 0.00000009565353393555
4790 0.00000008444786071777
4800 0.00000007796287536621
4810 0.00000008921623229980
4820 0.00000008087158203125
4830 0.00000008039474487305
4840 0.00000008559226989746
4850 0.00000008049011230469
4860 0.00000008621215820312
4870 0.00000008106231689453
4880 0.00000008378028869629
4890 0.00000008654594421387
4900 0.00000008101463317871
4910 0.00000008225440979004
4920 0.00000008306503295898
4930 0.00000007266998291016
4940 0.00000007491111755371
4950 0.00000007591247558594
4960 0.00000007777214050293
4970 0.00000008511543273926
4980 0.00000008311271667480
4990 0.00000007901191711426
5000 0.00000007805824279785
5010 0.00000007767677307129
5020 0.00000008168220520020
5030 0.00000008835792541504
5040 0.00000008006095886230
5050 0.00000008029937744141
5060 0.00000008602142333984
5070 0.00000007491111755371
5080 0.00000008277893066406
5090 0.00000008258819580078
5100 0.00000009522438049316
5110 0.00000007810592651367
5120 0.00000007600784301758
5130 0.00000007882118225098
5140 0.00000007576942443848
5150 0.00000008544921875000
5160 0.00000007824897766113
5170 0.00000008234977722168
5180 0.00000008177757263184
5190 0.00000008263587951660
5200 0.00000007967948913574
5210 0.00000008058547973633
5220 0.00000008149147033691
5230 0.00000007848739624023
5240 0.00000008511543273926
5250 0.00000008234977722168
5260 0.00000008716583251953
5270 0.00000008311271667480
5280 0.00000008983612060547
5290 0.00000008749961853027
5300 0.00000008268356323242
5310 0.00000008163452148437
5320 0.00000007500648498535
5330 0.00000008153915405273
5340 0.00000008363723754883
5350 0.00000007858276367188
5360 0.00000008335113525391
5370 0.00000008220672607422
5380 0.00000008559226989746
5390 0.00000008249282836914
5400 0.00000008330345153809
5410 0.00000008192062377930
5420 0.00000008597373962402
5430 0.00000008306503295898
5440 0.00000008540153503418
5450 0.00000008244514465332
5460 0.00000008006095886230
5470 0.00000008058547973633
5480 0.00000007686614990234
5490 0.00000007481575012207
5500 0.00000008802413940430
5510 0.00000008630752563477
5520 0.00000009732246398926
5530 0.00000007781982421875
5540 0.00000008959770202637
5550 0.00000008697509765625
5560 0.00000007638931274414
5570 0.00000007548332214355
5580 0.00000008964538574219
5590 0.00000009779930114746
5600 0.00000008988380432129
5610 0.00000009002685546875
5620 0.00000008759498596191
5630 0.00000008587837219238
5640 0.00000009303092956543
5650 0.00000008497238159180
5660 0.00000008120536804199
5670 0.00000008840560913086
5680 0.00000008587837219238
5690 0.00000008969306945801
5700 0.00000008525848388672
5710 0.00000009145736694336
5720 0.00000008459091186523
5730 0.00000008363723754883
5740 0.00000008530616760254
5750 0.00000007715225219727
5760 0.00000008130073547363
5770 0.00000008873939514160
5780 0.00000009498596191406
5790 0.00000008978843688965
5800 0.00000008759498596191
5810 0.00000008010864257813
5820 0.00000009431838989258
5830 0.00000008258819580078
5840 0.00000008640289306641
5850 0.00000007662773132324
5860 0.00000008563995361328
5870 0.00000008683204650879
5880 0.00000007719993591309
5890 0.00000008807182312012
5900 0.00000008387565612793
5910 0.00000008153915405273
5920 0.00000009174346923828
5930 0.00000009160041809082
5940 0.00000008468627929688
5950 0.00000008645057678223
5960 0.00000008401870727539
5970 0.00000009145736694336
5980 0.00000009837150573730
5990 0.00000007519721984863
6000 0.00000009045600891113
6010 0.00000009326934814453
6020 0.00000008373260498047
6030 0.00000009026527404785
6040 0.00000009479522705078
6050 0.00000009455680847168
6060 0.00000008544921875000
6070 0.00000007991790771484
6080 0.00000008816719055176
6090 0.00000008430480957031
6100 0.00000009570121765137
6110 0.00000008974075317383
6120 0.00000008425712585449
6130 0.00000008566711425781
6140 0.00000009078979492188
6150 0.00000008549690246582
6160 0.00000009727478027344
6170 0.00000007948875427246
6180 0.00000008773803710937
6190 0.00000009818077087402
6200 0.00000008783340454102
6210 0.00000008156631469727
6220 0.00000007963180541992
6230 0.00000008032653808594
6240 0.00000007581710815430
6250 0.00000008511543273926
6260 0.00000007843971252441
6270 0.00000009121894836426
6280 0.00000008487701416016
6290 0.00000008759498596191
6300 0.00000009155273437500
6310 0.00000009336471557617
6320 0.00000008940696716309
6330 0.00000007987022399902
6340 0.00000008149147033691
6350 0.00000010390281677246
6360 0.00000008792877197266
6370 0.00000007886886596680
6380 0.00000007882118225098
6390 0.00000008435249328613
6400 0.00000009050369262695
6410 0.00000008931159973145
6420 0.00000008151863098145
6430 0.00000009160041809082
6440 0.00000008821487426758
6450 0.00000009498596191406
6460 0.00000009012222290039
6470 0.00000008864402770996
6480 0.00000008864402770996
6490 0.00000009546279907227
6500 0.00000009069442749023
6510 0.00000009489059448242
6520 0.00000008831024169922
6530 0.00000008511543273926
6540 0.00000009236335754395
6550 0.00000007510185241699
6560 0.00000008068084716797
6570 0.00000007624626159668
6580 0.00000008382797241211
6590 0.00000008125305175781
6600 0.00000008878707885742
6610 0.00000008625984191895
6620 0.00000008163452148437
6630 0.00000008735656738281
6640 0.00000008153915405273
6650 0.00000008177757263184
6660 0.00000007882118225098
6670 0.00000008544921875000
6680 0.00000007729530334473
6690 0.00000008244514465332
6700 0.00000008955001831055
6710 0.00000008487701416016
6720 0.00000008125305175781
6730 0.00000008192062377930
6740 0.00000008001327514648
6750 0.00000008831024169922
6760 0.00000008058547973633
6770 0.00000008654594421387
6780 0.00000008029937744141
6790 0.00000008516311645508
6800 0.00000008540153503418
6810 0.00000008740425109863
6820 0.00000007886886596680
6830 0.00000007572174072266
6840 0.00000008873939514160
6850 0.00000008206367492676
6860 0.00000009570121765137
6870 0.00000008492469787598
6880 0.00000008554458618164
6890 0.00000008454322814941
6900 0.00000008649826049805
6910 0.00000009608268737793
6920 0.00000007843971252441
6930 0.00000009393692016602
6940 0.00000009036064147949
6950 0.00000007619857788086
6960 0.00000009555816650391
6970 0.00000008244514465332
6980 0.00000009021759033203
6990 0.00000008149147033691
7000 0.00000009517669677734
7010 0.00000008444786071777
7020 0.00000008406639099121
7030 0.00000007977485656738
7040 0.00000008096694946289
7050 0.00000009512901306152
7060 0.00000008463859558105
7070 0.00000007481575012207
7080 0.00000008668899536133
7090 0.00000008192062377930
7100 0.00000008368492126465
7110 0.00000008821487426758
7120 0.00000008692741394043
7130 0.00000007934570312500
7140 0.00000008172988891602
7150 0.00000008707046508789
7160 0.00000007925033569336
7170 0.00000008392333984375
7180 0.00000008335113525391
7190 0.00000008554458618164
7200 0.00000009016990661621
7210 0.00000009226799011230
7220 0.00000008163452148437
7230 0.00000007834434509277
7240 0.00000007629394531250
7250 0.00000009422302246094
7260 0.00000008325576782227
7270 0.00000007910728454590
7280 0.00000008068084716797
7290 0.00000009632110595703
7300 0.00000008068084716797
7310 0.00000008039474487305
7320 0.00000008211135864258
7330 0.00000008149147033691
7340 0.00000008687973022461
7350 0.00000008320808410645
7360 0.00000008363723754883
7370 0.00000007643699645996
7380 0.00000007767677307129
7390 0.00000008358955383301
7400 0.00000008554458618164
7410 0.00000008316040039062
7420 0.00000008974075317383
7430 0.00000008573532104492
7440 0.00000008525848388672
7450 0.00000008473396301270
7460 0.00000008330345153809
7470 0.00000008711814880371
7480 0.00000008606910705566
7490 0.00000008420944213867
7500 0.00000009078979492188
7510 0.00000008320808410645
7520 0.00000008668899536133
7530 0.00000008568763732910
7540 0.00000008306503295898
7550 0.00000008563995361328
7560 0.00000008740425109863
7570 0.00000009007453918457
7580 0.00000008916854858398
7590 0.00000007934570312500
7600 0.00000008578300476074
7610 0.00000008792877197266
7620 0.00000008215904235840
7630 0.00000008440017700195
7640 0.00000008449554443359
7650 0.00000008091926574707
7660 0.00000008736320495605
7670 0.00000008134147644043
7680 0.00000009112358093262
7690 0.00000009660720825195
7700 0.00000009088516235352
7710 0.00000008912086486816
7720 0.00000008878707885742
7730 0.00000008592605590820
7740 0.00000008835792541504
7750 0.00000008378028869629
7760 0.00000008168220520020
7770 0.00000008921623229980
7780 0.00000008106231689453
7790 0.00000008707046508789
7800 0.00000008392333984375
7810 0.00000009260177612305
7820 0.00000009627342224121
7830 0.00000008850097656250
7840 0.00000009388923645020
7850 0.00000008692741394043
7860 0.00000008664131164551
7870 0.00000008740425109863
7880 0.00000008773803710937
7890 0.00000008139610290527
7900 0.00000008707046508789
7910 0.00000008630752563477
7920 0.00000008111000061035
7930 0.00000008373260498047
7940 0.00000008225440979004
7950 0.00000008130073547363
7960 0.00000007967948913574
7970 0.00000007952421569824
7980 0.00000008435249328613
7990 0.00000007705688476562
8000 0.00000008540153503418
8010 0.00000008230209350586
8020 0.00000008764266967773
8030 0.00000008144378662109
8040 0.00000008449554443359
8050 0.00000008535385131836
8060 0.00000008840560913086
8070 0.00000009007453918457
8080 0.00000008044242858887
8090 0.00000009179115295410
8100 0.00000008244514465332
8110 0.00000008139610290527
8120 0.00000008792877197266
8130 0.00000008988380432129
8140 0.00000008935928344727
8150 0.00000009336471557617
8160 0.00000008983612060547
8170 0.00000008788108825684
8180 0.00000008578300476074
8190 0.00000008878707885742
8200 0.00000008945465087891
8210 0.00000008926391601563
8220 0.00000007734298706055
8230 0.00000008087158203125
8240 0.00000007691383361816
8250 0.00000009069442749023
8260 0.00000008411407470703
8270 0.00000009355545043945
8280 0.00000008583068847656
8290 0.00000009613037109375
8300 0.00000009179115295410
8310 0.00000008831024169922
8320 0.00000007982254028320
8330 0.00000008535385131836
8340 0.00000008111000061035
8350 0.00000008168220520020
8360 0.00000008411407470703
8370 0.00000009388923645020
8380 0.00000008273124694824
8390 0.00000008869171142578
8400 0.00000008497238159180
8410 0.00000008482933044434
8420 0.00000008106231689453
8430 0.00000008215904235840
8440 0.00000008950233459473
8450 0.00000008029937744141
8460 0.00000008039474487305
8470 0.00000009293556213379
8480 0.00000008163452148437
8490 0.00000008883476257324
8500 0.00000008754730224609
8510 0.00000008950233459473
8520 0.00000008373260498047
8530 0.00000008678436279297
8540 0.00000008645057678223
8550 0.00000008254051208496
8560 0.00000008749961853027
8570 0.00000008220672607422
8580 0.00000008835792541504
8590 0.00000009155273437500
8600 0.00000007910728454590
8610 0.00000008046958923340
8620 0.00000008552406311035
8630 0.00000008952949523926
8640 0.00000008190010070801
8650 0.00000009145736694336
8660 0.00000008745193481445
8670 0.00000008859634399414
8680 0.00000008773803710937
8690 0.00000008382797241211
8700 0.00000008120536804199
8710 0.00000009565353393555
8720 0.00000008232925415039
8730 0.00000008196830749512
8740 0.00000008263587951660
8750 0.00000008487701416016
8760 0.00000008182525634766
8770 0.00000008754730224609
8780 0.00000009212493896484
8790 0.00000008897781372070
8800 0.00000008902549743652
8810 0.00000008254051208496
8820 0.00000008893013000488
8830 0.00000008502006530762
8840 0.00000008821487426758
8850 0.00000008754730224609
8860 0.00000008406639099121
8870 0.00000008826255798340
8880 0.00000009346008300781
8890 0.00000008544921875000
8900 0.00000009579658508301
8910 0.00000008730888366699
8920 0.00000008654594421387
8930 0.00000008578300476074
8940 0.00000009016990661621
8950 0.00000008873939514160
8960 0.00000008382797241211
8970 0.00000008330345153809
8980 0.00000008411407470703
8990 0.00000008630752563477
9000 0.00000008201599121094
9010 0.00000009317398071289
9020 0.00000009264945983887
9030 0.00000008592605590820
9040 0.00000008563995361328
9050 0.00000008888244628906
9060 0.00000009250640869141
9070 0.00000008697509765625
9080 0.00000008807182312012
9090 0.00000008897781372070
9100 0.00000008559226989746
9110 0.00000008645057678223
9120 0.00000008873939514160
9130 0.00000008726119995117
9140 0.00000009326934814453
9150 0.00000008893013000488
9160 0.00000008902549743652
9170 0.00000008687973022461
9180 0.00000009012222290039
9190 0.00000009298324584961
9200 0.00000007996559143066
9210 0.00000008654594421387
9220 0.00000008416175842285
9230 0.00000008478164672852
9240 0.00000008749961853027
9250 0.00000008997917175293
9260 0.00000009751319885254
9270 0.00000009145736694336
9280 0.00000008745193481445
9290 0.00000008883476257324
9300 0.00000008206367492676
9310 0.00000008678436279297
9320 0.00000009164810180664
9330 0.00000008783340454102
9340 0.00000008645057678223
9350 0.00000008687973022461
9360 0.00000008702278137207
9370 0.00000009026527404785
9380 0.00000008888244628906
9390 0.00000008540153503418
9400 0.00000008912086486816
9410 0.00000008177757263184
9420 0.00000009555816650391
9430 0.00000008075569152832
9440 0.00000009050369262695
9450 0.00000008840560913086
9460 0.00000009016990661621
9470 0.00000008783340454102
9480 0.00000008502006530762
9490 0.00000009198188781738
9500 0.00000008697509765625
9510 0.00000009369850158691
9520 0.00000009179115295410
9530 0.00000008106231689453
9540 0.00000008563995361328
9550 0.00000008425712585449
9560 0.00000008244514465332
9570 0.00000008440017700195
9580 0.00000009093284606934
9590 0.00000008487701416016
9600 0.00000008621215820312
9610 0.00000009546279907227
9620 0.00000008301734924316
9630 0.00000009055137634277
9640 0.00000009026527404785
9650 0.00000008635520935059
9660 0.00000008606910705566
9670 0.00000008783340454102
9680 0.00000008692741394043
9690 0.00000008139610290527
9700 0.00000008702278137207
9710 0.00000008335113525391
9720 0.00000008978843688965
9730 0.00000009021759033203
9740 0.00000009417533874512
9750 0.00000008974075317383
9760 0.00000008778572082520
9770 0.00000008716583251953
9780 0.00000008378028869629
9790 0.00000008783340454102
9800 0.00000008373260498047
9810 0.00000008931159973145
9820 0.00000008940696716309
9830 0.00000009326934814453
9840 0.00000008611679077148
9850 0.00000009031295776367
9860 0.00000009946823120117
9870 0.00000009212493896484
9880 0.00000008316040039062
9890 0.00000009207725524902
9900 0.00000008959770202637
9910 0.00000008876112365723
9920 0.00000009899139404297
9930 0.00000009117126464844
9940 0.00000009636878967285
9950 0.00000009245872497559
9960 0.00000008792877197266
9970 0.00000009174346923828
9980 0.00000008692741394043
9990 0.00000008711814880371
10000 0.00000008792877197266
